DATE,OPEN,HIGH,LOW,CLOSE,52W H,52W L,SYMBOL
2021-11-10,258.95,262.55,255.15,259.35,274.8,122.65,CHALET
2021-11-09,263.9,266.85,254.0,258.95,274.8,122.65,CHALET
2021-11-08,254.0,274.8,249.25,263.2,274.8,122.65,CHALET
2021-11-04,243.45,248.0,242.55,247.1,269.5,122.65,CHALET
2021-11-03,245.7,248.3,239.35,241.8,269.5,122.65,CHALET
2021-11-02,246.25,258.0,242.25,244.2,269.5,122.65,CHALET
2021-11-01,238.8,248.2,236.55,246.25,269.5,122.65,CHALET
2021-10-29,236.0,243.95,226.35,235.95,269.5,122.65,CHALET
2021-10-28,246.0,246.2,232.55,241.85,269.5,122.65,CHALET
2021-10-27,240.35,244.9,238.25,242.35,269.5,122.65,CHALET
2021-10-26,236.7,243.5,235.0,238.25,269.5,122.65,CHALET
2021-10-25,239.35,241.85,229.55,236.45,269.5,122.65,CHALET
2021-10-22,247.85,251.25,235.8,237.6,269.5,122.65,CHALET
2021-10-21,246.0,252.3,242.0,245.05,269.5,122.65,CHALET
2021-10-20,250.35,252.4,231.7,243.55,269.5,122.65,CHALET
2021-10-19,264.85,269.3,246.25,248.75,269.5,122.65,CHALET
2021-10-18,259.8,269.5,246.0,263.05,269.5,122.65,CHALET
2021-10-14,244.85,256.4,244.0,253.95,260.7,122.65,CHALET
2021-10-13,249.8,250.3,241.6,242.95,260.7,122.65,CHALET
2021-10-12,248.9,254.95,246.0,248.1,260.7,122.65,CHALET
2021-10-11,241.75,250.0,240.75,248.4,260.7,122.65,CHALET
2021-10-08,242.2,260.7,237.65,240.7,260.7,122.65,CHALET
2021-10-07,234.0,242.0,234.0,240.05,255.6,122.65,CHALET
2021-10-06,240.95,244.7,228.5,231.0,255.6,122.65,CHALET
2021-10-05,238.9,245.0,236.0,240.95,255.6,122.65,CHALET
2021-10-04,231.4,251.9,223.55,238.85,255.6,122.65,CHALET
2021-10-01,239.7,239.7,227.5,229.8,255.6,122.65,CHALET
2021-09-30,239.7,244.2,234.05,239.9,255.6,122.65,CHALET
2021-09-29,232.0,244.9,230.15,238.2,255.6,122.65,CHALET
2021-09-28,241.8,249.0,230.6,235.65,255.6,122.65,CHALET
2021-09-27,223.0,255.6,218.1,239.35,255.6,122.65,CHALET
2021-09-24,209.5,218.85,202.75,216.55,218.85,122.65,CHALET
2021-09-23,204.9,208.15,203.0,206.1,217.7,122.65,CHALET
2021-09-22,191.0,203.0,186.8,200.25,217.7,122.65,CHALET
2021-09-21,187.9,190.5,184.0,188.1,217.7,122.65,CHALET
2021-09-20,178.0,199.0,177.9,183.5,217.7,122.65,CHALET
2021-09-17,186.0,189.0,178.3,180.1,217.7,122.65,CHALET
2021-09-16,182.9,185.8,182.0,184.9,217.7,122.65,CHALET
2021-09-15,185.0,186.35,181.1,181.7,217.7,122.65,CHALET
2021-09-14,185.15,188.15,184.0,184.9,217.7,122.65,CHALET
2021-09-13,186.5,190.65,185.0,186.55,217.7,122.65,CHALET
2021-09-09,179.0,192.85,179.0,186.1,217.7,122.65,CHALET
2021-09-08,173.35,179.4,173.05,175.3,217.7,122.65,CHALET
2021-09-07,176.85,179.0,172.85,174.7,217.7,122.65,CHALET
2021-09-06,179.5,181.8,173.5,176.75,217.7,122.65,CHALET
2021-09-03,177.65,179.75,175.0,178.55,217.7,122.65,CHALET
2021-09-02,170.75,178.45,170.75,176.85,217.7,122.65,CHALET
2021-09-01,172.2,174.0,168.0,171.6,217.7,122.65,CHALET
2021-08-31,166.8,175.9,165.7,170.9,217.7,122.65,CHALET
2021-08-30,163.65,170.0,163.65,167.7,217.7,122.65,CHALET
2021-08-27,165.65,166.5,163.2,163.75,217.7,122.65,CHALET
2021-08-26,163.5,168.0,160.75,165.65,217.7,122.65,CHALET
2021-08-25,166.9,167.95,164.0,164.45,217.7,122.65,CHALET
2021-08-24,163.3,164.8,160.0,163.25,217.7,122.65,CHALET
2021-08-23,166.2,168.45,160.0,161.6,217.7,122.65,CHALET
2021-08-20,170.1,170.1,165.0,165.55,217.7,122.65,CHALET
2021-08-18,172.0,173.5,169.05,172.0,217.7,122.65,CHALET
2021-08-17,171.9,173.0,167.35,171.75,217.7,122.65,CHALET
2021-08-16,170.0,173.8,168.9,171.7,217.7,122.65,CHALET
2021-08-13,175.95,175.95,170.0,171.25,217.7,122.65,CHALET
2021-08-12,166.95,177.9,166.95,175.25,217.7,122.65,CHALET
2021-08-11,163.95,166.0,159.05,163.8,217.7,122.65,CHALET
2021-08-10,172.5,173.7,162.6,163.95,217.7,122.65,CHALET
2021-08-09,168.65,172.3,168.5,169.45,217.7,122.65,CHALET
2021-08-06,169.0,172.4,167.1,168.25,217.7,122.65,CHALET
2021-08-05,173.95,173.95,166.4,169.1,217.7,122.65,CHALET
2021-08-04,176.3,178.35,170.9,171.9,217.7,122.65,CHALET
2021-08-03,175.4,178.35,174.25,174.65,217.7,122.65,CHALET
2021-08-02,180.5,180.5,175.5,176.8,217.7,122.65,CHALET
2021-07-30,177.75,180.55,176.0,177.05,217.7,122.65,CHALET
2021-07-29,176.75,180.5,175.8,177.75,217.7,122.65,CHALET
2021-07-28,178.0,178.4,172.25,175.35,217.7,122.65,CHALET
2021-07-27,182.35,183.7,175.2,177.05,217.7,122.65,CHALET
2021-07-26,171.1,185.8,170.5,182.7,217.7,122.65,CHALET
2021-07-23,174.0,175.85,170.2,171.0,217.7,122.65,CHALET
2021-07-22,174.1,178.0,171.0,172.8,217.7,122.65,CHALET
2021-07-20,177.5,177.5,171.5,173.45,217.7,122.65,CHALET
2021-07-19,180.8,180.8,176.0,178.05,217.7,122.65,CHALET
2021-07-16,184.9,187.0,180.55,182.4,217.7,122.65,CHALET
2021-07-15,188.65,190.8,184.0,184.9,217.7,122.65,CHALET
2021-07-14,188.9,192.3,186.6,187.7,217.7,122.65,CHALET
2021-07-13,189.2,194.85,187.85,188.85,217.7,122.65,CHALET
2021-07-12,187.4,193.7,186.4,187.5,217.7,122.65,CHALET
2021-07-09,189.4,190.5,184.75,185.3,217.7,122.65,CHALET
2021-07-08,191.25,194.2,185.1,188.25,217.7,122.65,CHALET
2021-07-07,189.95,194.95,187.5,190.5,217.7,122.65,CHALET
2021-07-06,191.15,199.0,188.0,189.75,217.7,122.65,CHALET
2021-07-05,180.6,197.4,179.15,189.9,217.7,122.65,CHALET
2021-07-02,176.55,179.75,176.1,178.5,217.7,122.65,CHALET
2021-07-01,178.45,178.45,174.4,176.8,217.7,122.65,CHALET
2021-06-30,180.05,180.7,176.0,177.2,217.7,122.65,CHALET
2021-06-29,182.6,183.55,178.0,179.3,217.7,122.65,CHALET
2021-06-28,182.0,182.95,177.7,180.1,217.7,122.65,CHALET
2021-06-25,178.9,184.0,176.25,181.0,217.7,122.65,CHALET
2021-06-24,180.0,180.6,177.0,177.4,217.7,122.65,CHALET
2021-06-23,182.65,183.5,179.0,179.8,217.7,122.65,CHALET
2021-06-22,179.3,183.95,178.3,181.1,217.7,122.65,CHALET
2021-06-21,172.8,179.0,172.8,177.2,217.7,122.65,CHALET
2021-06-18,182.7,183.75,173.25,179.15,217.7,120.9,CHALET
2021-06-17,179.0,183.75,179.0,180.9,217.7,120.9,CHALET
2021-06-16,184.0,185.8,179.85,181.85,217.7,120.9,CHALET
2021-06-15,178.5,188.75,178.5,183.35,217.7,120.9,CHALET
2021-06-14,182.4,182.4,175.85,180.0,217.7,120.9,CHALET
2021-06-11,185.5,185.9,181.45,182.25,217.7,120.9,CHALET
2021-06-10,182.0,189.0,180.0,184.8,217.7,120.9,CHALET
2021-06-09,181.8,184.95,175.0,177.35,217.7,120.9,CHALET
2021-06-08,187.9,188.2,180.3,181.5,217.7,120.9,CHALET
2021-06-07,192.95,196.0,187.0,187.65,217.7,120.9,CHALET
2021-06-04,188.3,195.5,187.25,191.55,217.7,109.85,CHALET
2021-06-03,184.0,191.6,183.5,187.45,217.7,109.85,CHALET
2021-06-02,172.9,191.8,171.1,183.9,217.7,109.85,CHALET
2021-06-01,176.5,179.35,172.25,173.25,217.7,109.85,CHALET
2021-05-31,179.7,184.8,172.65,176.5,217.7,109.85,CHALET
2021-05-28,176.45,180.5,173.4,178.45,217.7,99.6,CHALET
2021-05-27,172.5,177.85,172.4,175.5,217.7,99.6,CHALET
2021-05-26,170.0,174.95,170.0,171.55,217.7,99.6,CHALET
2021-05-25,164.3,173.1,163.85,169.05,217.7,99.6,CHALET
2021-05-24,159.0,164.9,158.4,163.0,217.7,99.6,CHALET
2021-05-21,156.6,158.05,155.5,156.35,217.7,99.6,CHALET
2021-05-20,156.5,163.7,153.55,155.35,217.7,99.6,CHALET
2021-05-19,152.1,158.4,151.0,157.2,217.7,99.6,CHALET
2021-05-18,149.8,160.9,148.0,157.0,217.7,99.6,CHALET
2021-05-17,149.5,149.5,146.5,148.35,217.7,99.6,CHALET
2021-05-14,149.5,149.5,145.8,147.5,217.7,99.6,CHALET
2021-05-12,150.0,151.5,148.0,149.0,217.7,99.6,CHALET
2021-05-11,145.45,150.8,144.65,149.1,217.7,99.6,CHALET
2021-05-10,144.1,149.85,144.0,146.4,217.7,99.6,CHALET
2021-05-07,142.4,145.4,142.4,144.1,217.7,99.6,CHALET
2021-05-06,141.6,145.9,139.05,143.5,217.7,99.6,CHALET
2021-05-05,141.3,143.75,139.3,139.95,217.7,99.6,CHALET
2021-05-04,142.9,143.8,140.45,142.25,217.7,99.6,CHALET
2021-05-03,143.2,143.5,139.5,140.5,217.7,99.6,CHALET
2021-04-30,141.05,145.8,139.8,143.2,217.7,99.6,CHALET
2021-04-29,146.85,146.85,140.05,141.8,217.7,99.6,CHALET
2021-04-28,148.5,149.9,144.05,145.05,217.7,99.6,CHALET
2021-04-27,143.8,147.85,143.75,146.95,217.7,99.6,CHALET
2021-04-26,144.3,146.95,142.7,143.8,217.7,99.6,CHALET
2021-04-23,142.8,145.75,140.9,144.3,217.7,99.6,CHALET
2021-04-22,135.3,144.85,135.3,142.65,217.7,99.6,CHALET
2021-04-20,134.15,147.9,134.15,141.35,217.7,99.6,CHALET
2021-04-19,129.7,151.9,122.65,133.8,217.7,99.6,CHALET
2021-04-16,137.2,141.4,133.0,134.4,217.7,99.6,CHALET
2021-04-15,135.0,139.3,133.0,136.45,217.7,99.6,CHALET
2021-04-13,137.05,138.5,136.0,136.95,217.7,99.6,CHALET
2021-04-12,143.35,144.8,136.7,137.75,217.7,99.6,CHALET
2021-04-09,150.05,150.05,147.1,148.0,217.7,99.6,CHALET
2021-04-08,149.25,151.85,148.25,149.2,217.7,99.6,CHALET
2021-04-07,152.35,152.35,148.45,150.45,217.7,99.6,CHALET
2021-04-06,149.05,152.75,148.85,151.7,217.7,99.6,CHALET
2021-04-05,152.7,152.7,146.1,149.95,217.7,99.6,CHALET
2021-04-01,148.5,155.0,147.3,152.7,220.0,99.6,CHALET
2021-03-31,152.0,153.25,145.7,146.3,220.0,99.6,CHALET
2021-03-30,153.85,154.1,147.15,149.5,220.0,99.6,CHALET
2021-03-26,155.05,158.2,151.0,152.3,239.4,99.6,CHALET
2021-03-25,160.9,161.0,154.0,155.05,239.4,99.6,CHALET
2021-03-24,159.85,160.9,156.65,160.1,239.4,99.6,CHALET
2021-03-23,159.9,161.2,157.2,158.75,239.4,99.6,CHALET
2021-03-22,157.25,158.1,155.2,156.3,239.4,99.6,CHALET
2021-03-19,156.5,163.5,152.7,158.65,275.0,99.6,CHALET
2021-03-18,165.0,168.4,155.1,159.35,275.0,99.6,CHALET
2021-03-17,168.8,168.8,164.0,164.5,275.0,99.6,CHALET
2021-03-16,170.75,171.15,167.05,167.7,275.0,99.6,CHALET
2021-03-15,172.8,174.9,166.65,169.9,275.0,99.6,CHALET
2021-03-12,178.0,180.0,170.5,171.9,298.0,99.6,CHALET
2021-03-10,179.0,182.4,175.0,176.7,298.0,99.6,CHALET
2021-03-09,183.3,184.0,176.5,178.25,298.0,99.6,CHALET
2021-03-08,176.9,185.85,176.85,181.85,298.0,99.6,CHALET
2021-03-05,181.9,184.5,175.0,175.9,349.95,99.6,CHALET
2021-03-04,173.8,186.9,172.3,180.9,349.95,99.6,CHALET
2021-03-03,170.85,178.0,168.0,173.85,349.95,99.6,CHALET
2021-03-02,169.7,171.45,168.1,169.45,349.95,99.6,CHALET
2021-03-01,166.4,169.5,166.0,167.85,349.95,99.6,CHALET
2021-02-26,166.0,168.5,162.6,166.05,379.95,99.6,CHALET
2021-02-25,168.7,170.0,165.45,166.1,379.95,99.6,CHALET
2021-02-24,168.85,182.1,166.0,167.85,379.95,99.6,CHALET
2021-02-23,168.6,170.8,166.55,167.1,379.95,99.6,CHALET
2021-02-22,171.75,173.9,162.65,167.75,379.95,99.6,CHALET
2021-02-19,173.25,174.45,172.25,172.95,379.95,99.6,CHALET
2021-02-18,172.55,174.1,172.2,172.55,379.95,99.6,CHALET
2021-02-17,172.05,173.9,171.5,172.0,379.95,99.6,CHALET
2021-02-16,176.0,177.25,172.3,173.0,379.95,99.6,CHALET
2021-02-15,180.7,180.7,176.25,176.95,379.95,99.6,CHALET
2021-02-12,171.0,181.2,170.05,175.25,379.95,99.6,CHALET
2021-02-11,170.5,173.1,167.75,169.6,379.95,99.6,CHALET
2021-02-10,170.0,173.5,169.6,170.35,379.95,99.6,CHALET
2021-02-09,179.8,179.8,171.75,174.35,379.95,99.6,CHALET
2021-02-08,180.95,181.1,177.4,178.35,379.95,99.6,CHALET
2021-02-05,173.95,181.95,173.0,179.35,379.95,99.6,CHALET
2021-02-04,172.65,174.25,171.65,172.75,379.95,99.6,CHALET
2021-02-03,174.8,174.8,171.55,172.65,379.95,99.6,CHALET
2021-02-02,172.95,175.75,172.2,173.65,379.95,99.6,CHALET
2021-02-01,173.7,174.5,169.4,171.45,379.95,99.6,CHALET
2021-01-29,174.0,175.55,170.0,171.4,379.95,99.6,CHALET
2021-01-28,163.95,172.6,162.05,170.45,379.95,99.6,CHALET
2021-01-27,165.0,166.5,161.3,163.35,379.95,99.6,CHALET
2021-01-25,168.05,171.95,161.6,163.15,379.95,99.6,CHALET
2021-01-22,173.85,173.85,167.0,167.85,379.95,99.6,CHALET
2021-01-21,176.0,176.35,172.05,172.95,379.95,99.6,CHALET
2021-01-20,176.4,176.4,173.1,173.55,379.95,99.6,CHALET
2021-01-19,173.9,177.0,173.85,175.1,379.95,99.6,CHALET
2021-01-18,177.25,178.4,171.0,172.55,379.95,99.6,CHALET
2021-01-15,181.45,181.45,178.0,178.4,379.95,99.6,CHALET
2021-01-14,182.5,182.5,179.0,179.7,379.95,99.6,CHALET
2021-01-13,181.7,183.45,180.2,180.9,379.95,99.6,CHALET
2021-01-12,182.8,182.8,180.0,180.35,379.95,99.6,CHALET
2021-01-11,185.8,185.85,180.75,181.95,379.95,99.6,CHALET
2021-01-08,186.35,189.0,182.0,182.9,379.95,99.6,CHALET
2021-01-07,187.0,188.55,184.55,185.15,379.95,99.6,CHALET
2021-01-06,187.15,194.8,184.5,185.7,379.95,99.6,CHALET
2021-01-05,189.1,189.1,170.35,187.15,379.95,99.6,CHALET
2021-01-04,190.8,193.8,187.9,191.1,379.95,99.6,CHALET
2021-01-01,185.4,191.95,182.6,187.75,402.0,99.6,CHALET
2020-12-31,184.05,186.0,182.05,183.4,402.0,99.6,CHALET
2020-12-30,180.05,186.75,180.05,184.05,402.0,99.6,CHALET
2020-12-29,182.0,188.8,178.15,181.95,402.0,99.6,CHALET
2020-12-28,186.35,190.0,182.1,182.55,402.0,99.6,CHALET
2020-12-24,189.95,194.4,182.45,183.55,402.0,99.6,CHALET
2020-12-23,179.35,190.95,179.0,185.75,402.0,99.6,CHALET
2020-12-22,172.1,182.0,166.2,176.8,402.0,99.6,CHALET
2020-12-21,195.65,196.0,171.55,178.7,402.0,99.6,CHALET
2020-12-18,196.9,197.7,190.2,194.95,402.0,99.6,CHALET
2020-12-17,200.0,202.7,195.0,196.9,402.0,99.6,CHALET
2020-12-16,201.6,206.7,198.0,199.1,402.0,99.6,CHALET
2020-12-15,204.8,206.05,198.0,201.4,402.0,99.6,CHALET
2020-12-14,195.75,209.0,194.0,204.4,402.0,99.6,CHALET
2020-12-11,194.4,198.8,188.0,192.3,402.0,99.6,CHALET
2020-12-10,199.6,199.6,186.6,192.65,402.0,99.6,CHALET
2020-12-09,204.8,205.95,195.55,198.45,402.0,99.6,CHALET
2020-12-08,209.7,216.0,200.1,204.8,402.0,99.6,CHALET
2020-12-07,185.9,217.7,184.05,202.75,402.0,99.6,CHALET
2020-12-04,171.0,183.4,169.1,181.45,402.0,99.6,CHALET
2020-12-03,164.8,168.5,163.65,167.6,402.0,99.6,CHALET
2020-12-02,154.45,163.3,153.6,161.85,402.0,99.6,CHALET
2020-12-01,150.9,154.5,149.75,152.05,402.0,99.6,CHALET
2020-11-27,151.0,152.95,149.0,150.85,402.0,99.6,CHALET
2020-11-26,153.7,155.0,149.05,150.35,402.0,99.6,CHALET
2020-11-25,150.65,154.0,149.7,152.15,402.0,99.6,CHALET
2020-11-24,153.9,154.1,147.0,149.45,402.0,99.6,CHALET
2020-11-23,152.4,154.0,148.7,152.3,402.0,99.6,CHALET
2020-11-20,155.3,157.7,151.85,152.4,402.0,99.6,CHALET
2020-11-19,154.8,161.9,150.55,155.3,402.0,99.6,CHALET
2020-11-18,156.75,156.8,150.3,154.3,402.0,99.6,CHALET
2020-11-17,144.8,157.0,144.8,155.55,402.0,99.6,CHALET
2020-11-14,143.0,143.85,140.0,143.15,402.0,99.6,CHALET
2020-11-13,144.0,144.5,140.0,141.75,402.0,99.6,CHALET
2020-11-12,143.0,148.9,142.2,143.55,402.0,99.6,CHALET
2020-11-11,145.0,145.0,141.8,142.1,402.0,99.6,CHALET
2020-11-10,148.0,152.0,144.0,145.0,402.0,99.6,CHALET
2020-11-09,140.7,142.9,137.5,140.95,402.0,99.6,CHALET
2020-11-06,139.95,140.75,138.05,138.45,402.0,99.6,CHALET
2020-11-05,137.5,139.9,137.25,138.7,402.0,99.6,CHALET
2020-11-04,141.4,141.4,137.0,137.9,402.0,99.6,CHALET
2020-11-03,139.4,140.4,136.35,139.55,402.0,99.6,CHALET
2020-11-02,135.8,139.45,135.0,137.9,402.0,99.6,CHALET
2020-10-30,135.55,141.0,135.3,136.4,402.0,99.6,CHALET
2020-10-29,135.65,137.1,135.2,136.45,402.0,99.6,CHALET
2020-10-28,140.0,142.9,136.05,137.2,402.0,99.6,CHALET
2020-10-27,137.95,143.9,135.9,138.5,402.0,99.6,CHALET
2020-10-26,142.3,142.3,136.15,137.85,402.0,99.6,CHALET
2020-10-23,139.0,148.0,139.0,142.0,402.0,99.6,CHALET
2020-10-22,139.25,142.0,137.25,138.45,402.0,99.6,CHALET
2020-10-21,136.3,139.45,136.3,139.2,402.0,99.6,CHALET
2020-10-20,135.65,139.1,134.0,138.55,402.0,99.6,CHALET
2020-10-19,139.8,139.8,133.6,136.3,402.0,99.6,CHALET
2020-10-16,135.3,136.8,133.1,135.85,402.0,99.6,CHALET
2020-10-15,137.5,138.6,133.25,134.05,402.0,99.6,CHALET
2020-10-14,133.95,138.9,130.0,137.5,402.0,99.6,CHALET
2020-10-13,127.35,135.0,127.35,133.95,402.0,99.6,CHALET
2020-10-12,137.2,138.75,133.6,133.95,402.0,99.6,CHALET
2020-10-09,138.3,139.4,134.65,136.15,402.0,99.6,CHALET
2020-10-08,139.5,142.8,137.7,138.3,402.0,99.6,CHALET
2020-10-07,142.7,142.9,138.55,139.5,402.0,99.6,CHALET
2020-10-06,145.4,145.5,142.5,142.7,402.0,99.6,CHALET
2020-10-05,146.9,147.65,142.35,144.35,402.0,99.6,CHALET
2020-10-01,141.4,149.75,141.4,145.1,402.0,99.6,CHALET
2020-09-30,140.8,140.8,137.6,138.35,402.0,99.6,CHALET
2020-09-29,143.4,145.9,139.0,139.9,402.0,99.6,CHALET
2020-09-28,141.1,144.8,140.2,141.8,402.0,99.6,CHALET
2020-09-25,139.5,145.0,139.1,139.85,402.0,99.6,CHALET
2020-09-24,138.1,141.6,138.0,138.95,402.0,99.6,CHALET
2020-09-23,143.6,148.5,137.35,142.55,402.0,99.6,CHALET
2020-09-22,146.75,148.4,135.0,143.0,402.0,99.6,CHALET
2020-09-21,157.85,157.85,147.1,149.2,402.0,99.6,CHALET
2020-09-18,155.65,157.7,151.5,156.35,402.0,99.6,CHALET
2020-09-17,157.9,158.6,152.35,155.65,402.0,99.6,CHALET
2020-09-16,155.0,158.0,148.95,156.3,402.0,99.6,CHALET
2020-09-15,156.3,157.55,154.15,154.9,402.0,99.6,CHALET
2020-09-14,156.6,156.6,150.9,154.75,402.0,99.6,CHALET
2020-09-11,150.8,153.0,149.1,152.5,402.0,99.6,CHALET
2020-09-10,147.0,151.5,147.0,149.05,402.0,99.6,CHALET
2020-09-09,145.05,152.0,140.65,145.2,402.0,99.6,CHALET
2020-09-08,151.2,152.45,145.65,147.5,402.0,99.6,CHALET
2020-09-07,154.25,155.5,150.0,150.55,402.0,99.6,CHALET
2020-09-04,154.0,156.65,151.35,154.25,402.0,99.6,CHALET
2020-09-03,159.25,164.0,157.15,158.2,402.0,99.6,CHALET
2020-09-02,159.8,160.8,156.0,157.65,402.0,99.6,CHALET
2020-09-01,161.45,163.0,156.0,158.15,402.0,99.6,CHALET
2020-08-31,178.0,178.0,131.95,156.3,402.0,99.6,CHALET
2020-08-28,166.0,168.3,163.9,164.9,402.0,99.6,CHALET
2020-08-27,165.9,167.35,162.0,164.9,402.0,99.6,CHALET
2020-08-26,165.35,168.8,162.9,164.0,402.0,99.6,CHALET
2020-08-25,171.0,174.5,162.6,165.75,402.0,99.6,CHALET
2020-08-24,165.0,173.0,162.25,167.7,402.0,99.6,CHALET
2020-08-21,155.8,165.9,155.05,160.5,402.0,99.6,CHALET
2020-08-20,143.4,154.85,140.25,151.65,402.0,99.6,CHALET
2020-08-19,139.7,144.0,137.15,141.3,402.0,99.6,CHALET
2020-08-18,136.0,138.75,134.95,138.1,402.0,99.6,CHALET
2020-08-17,141.0,143.35,133.7,135.55,402.0,99.6,CHALET
2020-08-14,146.25,149.9,136.0,140.7,402.0,99.6,CHALET
2020-08-13,136.65,149.0,136.1,145.05,402.0,99.6,CHALET
2020-08-12,131.4,140.95,129.4,135.3,402.0,99.6,CHALET
2020-08-11,130.0,135.0,128.55,131.35,402.0,99.6,CHALET
2020-08-10,128.8,130.0,127.7,129.15,402.0,99.6,CHALET
2020-08-07,128.85,130.4,127.35,128.0,402.0,99.6,CHALET
2020-08-06,131.0,131.5,127.15,127.8,402.0,99.6,CHALET
2020-08-05,128.1,128.9,127.05,127.65,402.0,99.6,CHALET
2020-08-04,129.65,129.65,127.0,127.9,402.0,99.6,CHALET
2020-08-03,127.9,130.95,127.5,128.85,402.0,99.6,CHALET
2020-07-31,129.25,129.25,127.05,127.9,402.0,99.6,CHALET
2020-07-30,131.2,131.2,126.0,128.1,402.0,99.6,CHALET
2020-07-29,129.0,134.9,128.35,129.3,402.0,99.6,CHALET
2020-07-28,130.0,130.0,127.2,128.1,402.0,99.6,CHALET
2020-07-27,129.9,130.3,127.9,129.3,402.0,99.6,CHALET
2020-07-24,128.05,129.5,127.0,128.95,402.0,99.6,CHALET
2020-07-23,130.0,130.0,128.8,129.55,402.0,99.6,CHALET
2020-07-22,128.4,131.75,128.1,129.85,402.0,99.6,CHALET
2020-07-21,130.45,131.85,129.5,129.85,402.0,99.6,CHALET
2020-07-20,130.9,132.9,129.0,129.85,402.0,99.6,CHALET
2020-07-17,130.9,132.35,128.55,130.05,402.0,99.6,CHALET
2020-07-16,131.5,132.15,126.0,130.35,402.0,99.6,CHALET
2020-07-15,133.05,134.5,130.05,130.9,402.0,99.6,CHALET
2020-07-14,132.45,134.75,130.5,132.4,402.0,99.6,CHALET
2020-07-13,138.0,138.5,132.5,132.95,402.0,99.6,CHALET
2020-07-10,138.95,138.95,133.05,136.55,402.0,99.6,CHALET
2020-07-09,146.8,146.8,138.95,139.85,402.0,99.6,CHALET
2020-07-08,154.9,157.0,141.55,143.35,402.0,99.6,CHALET
2020-07-07,143.9,150.7,141.1,150.7,402.0,99.6,CHALET
2020-07-06,132.5,137.9,132.5,137.0,402.0,99.6,CHALET
2020-07-03,132.95,133.75,129.2,130.65,402.0,99.6,CHALET
2020-07-02,132.9,134.65,130.05,131.95,402.0,99.6,CHALET
2020-07-01,131.25,135.0,127.5,131.7,402.0,99.6,CHALET
2020-06-30,132.05,136.2,130.35,131.2,402.0,99.6,CHALET
2020-06-29,136.75,137.0,131.35,132.35,402.0,99.6,CHALET
2020-06-26,138.7,139.5,135.1,136.75,402.0,99.6,CHALET
2020-06-25,132.5,138.7,132.5,136.25,402.0,99.6,CHALET
2020-06-24,144.9,146.0,135.9,136.9,402.0,99.6,CHALET
2020-06-23,144.5,148.0,142.5,144.25,402.0,99.6,CHALET
2020-06-22,143.4,147.5,142.1,145.45,402.0,99.6,CHALET
2020-06-19,135.65,143.9,133.5,141.25,402.0,99.6,CHALET
2020-06-18,132.0,135.75,131.0,133.85,402.0,99.6,CHALET
2020-06-17,130.9,134.95,120.9,131.4,402.0,99.6,CHALET
2020-06-16,137.0,137.95,127.95,130.0,402.0,99.6,CHALET
2020-06-15,139.9,139.9,133.0,134.2,402.0,99.6,CHALET
2020-06-12,128.0,139.0,127.4,136.3,402.0,99.6,CHALET
2020-06-11,145.5,155.0,137.0,140.85,402.0,99.6,CHALET
2020-06-10,155.0,155.25,141.25,144.2,402.0,99.6,CHALET
2020-06-09,170.0,170.0,151.25,154.65,402.0,99.6,CHALET
2020-06-08,170.75,171.0,160.0,161.8,402.0,99.6,CHALET
2020-06-05,160.75,165.0,153.0,163.3,402.0,99.6,CHALET
2020-06-04,175.0,176.0,151.0,160.55,402.0,99.6,CHALET
2020-06-03,159.4,171.8,149.0,165.7,402.0,99.6,CHALET
2020-06-02,132.7,144.5,130.0,143.2,402.0,99.6,CHALET
2020-06-01,115.0,120.45,109.85,120.45,402.0,99.6,CHALET
2020-05-29,108.5,110.0,99.6,100.4,402.0,99.6,CHALET
2020-05-28,104.0,119.7,103.05,108.35,402.0,100.1,CHALET
2020-05-27,102.0,104.4,100.55,101.6,402.0,100.1,CHALET
2020-05-26,104.45,106.0,101.0,101.55,402.0,100.1,CHALET
2020-05-22,103.0,106.0,100.1,102.25,402.0,100.1,CHALET
2020-05-21,102.2,108.0,102.0,103.0,402.0,101.5,CHALET
2020-05-20,104.0,106.7,101.5,102.2,402.0,101.5,CHALET
2020-05-19,111.8,119.7,102.0,104.15,402.0,102.0,CHALET
2020-05-18,123.85,123.85,108.05,109.4,402.0,108.05,CHALET
2020-05-15,133.9,133.9,123.65,126.35,402.0,123.65,CHALET
2020-05-14,130.9,130.9,125.65,128.95,402.0,125.0,CHALET
2020-05-13,134.5,134.5,129.05,131.6,402.0,125.0,CHALET
2020-05-12,133.9,133.9,126.35,129.55,402.0,125.0,CHALET
2020-05-11,138.95,138.95,131.0,131.7,402.0,125.0,CHALET
2020-05-08,131.0,148.0,129.0,133.65,402.0,125.0,CHALET
2020-05-07,130.0,133.75,125.6,131.0,402.0,125.0,CHALET
2020-05-06,137.3,138.2,125.0,129.4,402.0,125.0,CHALET
2020-05-05,145.9,145.9,135.0,136.1,402.0,135.0,CHALET
2020-05-04,147.8,147.8,139.25,141.5,402.0,139.25,CHALET
2020-04-30,147.0,158.0,145.95,147.8,402.0,142.55,CHALET
2020-04-29,145.25,149.9,142.55,145.95,402.0,142.55,CHALET
2020-04-28,156.0,181.2,144.0,146.05,402.0,144.0,CHALET
2020-04-27,166.25,167.0,152.8,153.6,402.0,152.8,CHALET
2020-04-24,167.9,167.9,152.8,159.7,402.0,152.8,CHALET
2020-04-23,174.45,178.0,168.5,170.25,402.0,165.0,CHALET
2020-04-22,166.1,175.0,166.1,171.0,402.0,165.0,CHALET
2020-04-21,182.0,182.0,170.0,171.05,402.0,165.0,CHALET
2020-04-20,185.0,185.0,174.0,180.65,402.0,165.0,CHALET
2020-04-17,181.85,185.0,177.0,178.0,402.0,165.0,CHALET
2020-04-16,180.0,180.0,175.0,175.45,402.0,165.0,CHALET
2020-04-15,176.0,183.0,167.1,179.15,402.0,165.0,CHALET
2020-04-13,168.0,181.0,165.0,175.5,402.0,165.0,CHALET
2020-04-09,177.0,178.8,167.5,171.2,402.0,165.0,CHALET
2020-04-08,165.0,200.0,165.0,171.3,402.0,165.0,CHALET
2020-04-07,199.0,199.0,172.5,177.9,402.0,172.5,CHALET
2020-04-03,198.0,198.0,194.05,197.0,402.0,179.9,CHALET
2020-04-01,220.0,220.0,195.1,199.5,402.0,179.9,CHALET
2020-03-31,201.1,208.75,193.0,205.15,402.0,179.9,CHALET
2020-03-30,202.0,202.0,188.75,196.0,402.0,179.9,CHALET
2020-03-27,217.7,239.4,199.8,202.3,402.0,179.9,CHALET
2020-03-26,197.85,218.45,195.85,210.7,402.0,179.9,CHALET
2020-03-25,185.05,200.0,179.9,194.15,402.0,179.9,CHALET
2020-03-24,210.0,210.0,184.85,200.05,402.0,184.85,CHALET
2020-03-23,220.0,220.0,200.0,203.25,402.0,200.0,CHALET
2020-03-20,218.05,222.0,205.1,221.3,402.0,200.0,CHALET
2020-03-19,206.0,239.0,200.0,214.55,402.0,200.0,CHALET
2020-03-18,233.0,248.0,224.35,225.1,402.0,224.35,CHALET
2020-03-17,233.6,249.9,233.6,239.75,402.0,225.0,CHALET
2020-03-16,255.0,275.0,233.1,248.55,402.0,225.0,CHALET
2020-03-13,244.9,260.65,225.0,256.15,402.0,225.0,CHALET
2020-03-12,251.55,264.85,240.0,247.9,402.0,240.0,CHALET
2020-03-11,265.9,285.15,262.55,279.6,402.0,262.55,CHALET
2020-03-09,298.0,298.0,265.0,270.55,402.0,265.0,CHALET
2020-03-06,302.25,307.35,285.05,290.25,402.0,271.25,CHALET
2020-03-05,308.0,316.75,305.0,308.1,402.0,271.25,CHALET
2020-03-04,331.0,336.2,305.0,314.8,402.0,271.25,CHALET
2020-03-03,325.25,349.95,320.55,330.85,402.0,271.25,CHALET
2020-03-02,346.0,346.0,321.35,329.2,402.0,271.25,CHALET
2020-02-28,319.9,379.95,285.0,328.5,402.0,270.0,CHALET
2020-02-27,338.0,338.0,318.65,323.9,402.0,270.0,CHALET
2020-02-26,328.45,335.2,323.6,329.0,402.0,270.0,CHALET
2020-02-25,336.4,341.95,329.0,330.6,402.0,270.0,CHALET
2020-02-24,340.7,345.3,334.95,336.8,402.0,270.0,CHALET
2020-02-20,344.5,346.7,339.0,340.2,402.0,270.0,CHALET
2020-02-19,351.5,352.4,341.3,346.5,402.0,270.0,CHALET
2020-02-18,343.1,355.0,340.0,351.3,402.0,270.0,CHALET
2020-02-17,350.0,354.0,340.0,343.1,402.0,270.0,CHALET
2020-02-14,351.05,351.55,340.75,341.35,402.0,270.0,CHALET
2020-02-13,357.8,357.8,344.05,351.05,402.0,270.0,CHALET
2020-02-12,359.0,363.8,351.0,358.0,402.0,270.0,CHALET
2020-02-11,361.9,364.75,345.0,359.9,402.0,270.0,CHALET
2020-02-10,334.15,342.85,334.0,340.55,402.0,270.0,CHALET
2020-02-07,342.0,344.4,330.5,340.55,402.0,250.0,CHALET
2020-02-06,328.5,336.15,328.0,333.8,402.0,250.0,CHALET
2020-02-05,323.0,333.9,323.0,326.5,402.0,250.0,CHALET
2020-02-04,316.05,333.0,311.95,330.05,402.0,250.0,CHALET
2020-02-03,308.55,332.95,308.55,315.2,402.0,250.0,CHALET
2020-02-01,321.25,335.95,316.4,320.2,402.0,250.0,CHALET
2020-01-31,325.0,334.95,325.0,329.9,402.0,250.0,CHALET
2020-01-30,336.0,336.0,320.0,328.65,402.0,250.0,CHALET
2020-01-29,333.0,336.05,330.0,332.0,402.0,250.0,CHALET
2020-01-28,344.0,344.0,330.7,334.75,402.0,250.0,CHALET
2020-01-27,340.0,344.0,334.05,338.7,402.0,250.0,CHALET
2020-01-24,343.0,343.0,335.55,339.9,402.0,250.0,CHALET
2020-01-23,348.8,348.8,339.05,341.95,402.0,250.0,CHALET
2020-01-22,358.0,361.75,342.55,345.0,402.0,250.0,CHALET
2020-01-21,347.0,364.0,342.5,353.1,402.0,250.0,CHALET
2020-01-20,344.0,355.0,341.35,348.5,402.0,250.0,CHALET
2020-01-17,344.55,349.5,343.0,345.45,402.0,250.0,CHALET
2020-01-16,343.0,343.0,336.9,339.6,402.0,250.0,CHALET
2020-01-15,339.0,345.8,337.0,343.15,402.0,250.0,CHALET
2020-01-14,334.0,340.0,333.0,339.1,402.0,250.0,CHALET
2020-01-13,340.0,340.0,331.0,336.8,402.0,250.0,CHALET
2020-01-10,339.9,340.5,332.15,335.45,402.0,250.0,CHALET
2020-01-09,325.0,338.85,325.0,338.1,402.0,250.0,CHALET
2020-01-08,325.0,333.8,320.85,326.35,402.0,250.0,CHALET
2020-01-07,329.45,334.0,323.35,330.95,402.0,250.0,CHALET
2020-01-06,339.9,340.45,320.0,322.3,402.0,250.0,CHALET
2020-01-03,345.75,345.75,327.0,334.3,402.0,250.0,CHALET
2020-01-02,346.0,346.45,337.0,339.5,402.0,250.0,CHALET
2020-01-01,350.1,350.25,336.0,342.0,402.0,250.0,CHALET
2019-12-31,402.0,402.0,343.05,348.95,402.0,250.0,CHALET
2019-12-30,354.95,369.95,338.0,356.05,379.45,250.0,CHALET
2019-12-27,341.7,352.9,336.0,350.2,379.45,250.0,CHALET
2019-12-26,348.0,348.0,330.55,340.15,379.45,250.0,CHALET
2019-12-24,355.0,355.0,329.3,337.95,379.45,250.0,CHALET
2019-12-23,334.4,350.0,334.4,340.75,379.45,250.0,CHALET
2019-12-20,339.0,349.65,337.0,346.9,379.45,250.0,CHALET
2019-12-19,331.25,342.0,331.25,340.55,379.45,250.0,CHALET
2019-12-18,336.5,341.0,335.1,336.95,379.45,250.0,CHALET
2019-12-17,335.95,344.45,331.6,343.2,379.45,250.0,CHALET
2019-12-16,345.0,352.7,331.35,333.3,379.45,250.0,CHALET
2019-12-13,334.9,345.0,330.35,344.65,379.45,250.0,CHALET
2019-12-12,324.0,336.85,321.65,333.5,379.45,250.0,CHALET
2019-12-11,325.25,329.35,320.45,324.55,379.45,250.0,CHALET
2019-12-10,333.0,340.0,320.0,329.7,379.45,250.0,CHALET
2019-12-09,338.0,339.0,327.0,332.7,379.45,250.0,CHALET
2019-12-06,341.6,341.6,326.45,337.9,379.45,250.0,CHALET
2019-12-05,355.0,355.0,336.0,338.2,379.45,250.0,CHALET
2019-12-04,353.65,358.45,336.55,354.2,379.45,250.0,CHALET
2019-12-03,342.2,355.4,330.0,354.2,379.45,250.0,CHALET
2019-12-02,358.8,358.8,342.5,345.0,379.45,250.0,CHALET
2019-11-29,337.0,359.45,333.5,354.95,379.45,250.0,CHALET
2019-11-28,346.5,356.95,340.0,340.5,379.45,250.0,CHALET
2019-11-27,350.05,360.45,342.0,348.7,379.45,250.0,CHALET
2019-11-26,379.45,379.45,353.25,361.9,379.45,250.0,CHALET
2019-11-25,366.75,374.45,351.15,365.1,378.0,250.0,CHALET
2019-11-22,372.0,372.0,364.0,366.65,378.0,250.0,CHALET
2019-11-21,351.05,374.4,344.55,372.65,378.0,250.0,CHALET
2019-11-20,365.05,365.05,346.25,352.15,378.0,250.0,CHALET
2019-11-19,343.1,369.0,343.1,361.75,378.0,250.0,CHALET
2019-11-18,348.0,361.0,340.0,358.45,378.0,250.0,CHALET
2019-11-15,349.65,349.85,326.4,338.0,378.0,250.0,CHALET
2019-11-14,361.0,369.1,340.0,342.6,378.0,250.0,CHALET
2019-11-13,328.25,378.0,316.4,357.7,378.0,250.0,CHALET
2019-11-11,335.0,340.0,320.0,325.65,358.8,250.0,CHALET
2019-11-08,329.05,329.1,325.0,325.85,358.8,250.0,CHALET
2019-11-07,339.0,339.0,326.3,331.0,358.8,250.0,CHALET
2019-11-06,325.0,337.9,321.85,329.65,358.8,250.0,CHALET
2019-11-05,328.1,340.0,314.0,320.15,358.8,250.0,CHALET
2019-11-04,332.05,334.1,325.5,332.05,358.8,250.0,CHALET
2019-11-01,317.75,340.0,317.75,331.6,358.8,250.0,CHALET
2019-10-31,319.9,330.25,316.0,325.5,358.8,250.0,CHALET
2019-10-30,325.1,330.9,316.0,319.0,358.8,250.0,CHALET
2019-10-29,332.0,332.0,322.7,329.9,358.8,250.0,CHALET
2019-10-27,312.35,348.15,312.3,331.0,358.8,250.0,CHALET
2019-10-25,342.0,343.6,325.0,330.25,358.8,250.0,CHALET
2019-10-24,335.85,341.9,335.85,339.8,358.8,250.0,CHALET
2019-10-23,322.8,343.0,322.8,336.6,358.8,250.0,CHALET
