DATE,OPEN,HIGH,LOW,CLOSE,52W H,52W L,SYMBOL
2021-09-16,373.75,376.2,360.15,362.5,389.7,161.75,MONTECARLO
2021-09-15,375.8,381.25,373.15,376.7,389.7,161.75,MONTECARLO
2021-09-14,370.05,378.1,370.05,371.85,389.7,161.75,MONTECARLO
2021-09-13,370.0,374.45,367.0,369.45,389.7,161.75,MONTECARLO
2021-09-09,370.0,373.0,363.85,368.1,389.7,161.75,MONTECARLO
2021-09-08,374.0,378.0,366.1,369.65,389.7,161.75,MONTECARLO
2021-09-07,350.6,371.0,348.15,361.35,389.7,161.75,MONTECARLO
2021-09-06,347.5,351.95,346.2,350.15,389.7,161.75,MONTECARLO
2021-09-03,342.55,351.95,342.55,347.1,389.7,161.75,MONTECARLO
2021-09-02,354.4,354.4,347.0,349.9,389.7,161.75,MONTECARLO
2021-09-01,353.0,356.2,343.0,346.4,389.7,161.75,MONTECARLO
2021-08-31,348.5,359.5,348.5,351.5,389.7,161.75,MONTECARLO
2021-08-30,346.2,354.9,344.0,346.2,389.7,161.75,MONTECARLO
2021-08-27,349.85,355.0,344.1,346.05,389.7,161.75,MONTECARLO
2021-08-26,332.55,356.0,328.15,346.3,389.7,161.75,MONTECARLO
2021-08-25,323.0,334.85,320.0,328.65,389.7,161.75,MONTECARLO
2021-08-24,314.1,327.0,312.45,320.25,389.7,161.75,MONTECARLO
2021-08-23,326.3,329.0,309.45,314.85,389.7,161.75,MONTECARLO
2021-08-20,327.05,342.5,325.2,327.15,389.7,161.25,MONTECARLO
2021-08-18,349.0,350.95,338.0,339.65,389.7,161.25,MONTECARLO
2021-08-17,348.9,348.9,337.55,344.9,389.7,161.25,MONTECARLO
2021-08-16,348.0,350.05,333.15,335.75,389.7,161.25,MONTECARLO
2021-08-13,355.0,359.0,346.25,348.45,389.7,155.0,MONTECARLO
2021-08-12,346.6,354.35,345.0,347.5,389.7,155.0,MONTECARLO
2021-08-11,347.45,378.5,325.1,344.85,389.7,155.0,MONTECARLO
2021-08-10,360.75,365.35,343.25,346.7,389.7,155.0,MONTECARLO
2021-08-09,366.5,374.2,355.65,360.75,389.7,155.0,MONTECARLO
2021-08-06,334.0,366.85,333.95,363.65,389.7,154.0,MONTECARLO
2021-08-05,361.9,362.0,347.35,349.45,389.7,154.0,MONTECARLO
2021-08-04,380.0,383.0,354.05,359.65,389.7,154.0,MONTECARLO
2021-08-03,379.4,383.25,371.55,376.95,389.7,154.0,MONTECARLO
2021-08-02,379.0,383.7,374.05,378.85,389.7,154.0,MONTECARLO
2021-07-30,361.3,389.7,361.3,376.9,389.7,154.0,MONTECARLO
2021-07-29,368.55,371.0,356.7,365.15,380.0,154.0,MONTECARLO
2021-07-28,353.0,380.0,343.4,366.0,380.0,154.0,MONTECARLO
2021-07-27,347.0,355.55,346.2,347.55,378.55,154.0,MONTECARLO
2021-07-26,350.65,357.95,346.1,347.1,378.55,154.0,MONTECARLO
2021-07-23,360.0,362.2,352.5,353.4,378.55,154.0,MONTECARLO
2021-07-22,356.0,364.0,352.0,356.3,378.55,154.0,MONTECARLO
2021-07-20,361.8,363.2,345.3,350.75,378.55,154.0,MONTECARLO
2021-07-19,368.4,368.4,355.2,362.95,378.55,154.0,MONTECARLO
2021-07-16,370.3,375.0,366.2,368.4,378.55,153.35,MONTECARLO
2021-07-15,368.0,374.95,364.0,368.5,378.55,153.35,MONTECARLO
2021-07-14,360.75,378.55,356.0,364.05,378.55,153.35,MONTECARLO
2021-07-13,359.0,368.0,357.0,360.75,368.0,153.35,MONTECARLO
2021-07-12,350.65,363.4,347.0,354.55,366.9,153.35,MONTECARLO
2021-07-09,343.2,357.0,335.55,350.65,366.9,153.35,MONTECARLO
2021-07-08,338.25,359.9,336.05,343.2,366.9,153.35,MONTECARLO
2021-07-07,343.0,346.45,334.05,335.55,366.9,153.35,MONTECARLO
2021-07-06,328.65,366.9,327.0,343.45,366.9,153.35,MONTECARLO
2021-07-05,324.0,332.95,323.2,324.65,349.9,153.35,MONTECARLO
2021-07-02,331.05,341.6,322.0,323.65,349.9,153.35,MONTECARLO
2021-07-01,333.65,339.2,329.1,330.25,349.9,153.35,MONTECARLO
2021-06-30,331.65,339.75,330.15,334.5,349.9,153.35,MONTECARLO
2021-06-29,337.35,340.7,331.5,334.4,349.9,153.35,MONTECARLO
2021-06-28,338.0,344.05,336.0,337.35,349.9,153.35,MONTECARLO
2021-06-25,341.7,342.9,333.05,337.9,349.9,153.35,MONTECARLO
2021-06-24,336.8,345.0,325.6,339.25,349.9,153.35,MONTECARLO
2021-06-23,311.45,349.9,310.4,334.6,349.9,153.35,MONTECARLO
2021-06-22,312.8,318.65,310.15,312.15,327.0,153.35,MONTECARLO
2021-06-21,304.0,311.85,299.0,309.6,327.0,153.35,MONTECARLO
2021-06-18,316.0,316.0,299.0,306.8,327.0,147.1,MONTECARLO
2021-06-17,305.15,314.35,304.95,308.65,327.0,147.1,MONTECARLO
2021-06-16,312.0,312.1,303.4,307.55,327.0,147.1,MONTECARLO
2021-06-15,312.8,312.8,305.05,307.05,327.0,147.1,MONTECARLO
2021-06-14,310.0,313.95,303.0,311.25,327.0,147.1,MONTECARLO
2021-06-11,314.6,314.6,305.0,309.3,327.0,141.0,MONTECARLO
2021-06-10,304.05,316.8,304.05,310.55,327.0,141.0,MONTECARLO
2021-06-09,309.7,319.75,304.4,308.85,327.0,141.0,MONTECARLO
2021-06-08,303.0,308.6,302.0,304.65,327.0,141.0,MONTECARLO
2021-06-07,304.0,312.5,303.0,303.95,327.0,141.0,MONTECARLO
2021-06-04,308.5,314.05,302.15,304.4,327.0,130.25,MONTECARLO
2021-06-03,316.9,316.9,305.3,307.9,327.0,130.25,MONTECARLO
2021-06-02,315.7,319.8,310.1,312.3,327.0,130.25,MONTECARLO
2021-06-01,294.75,327.0,292.2,319.9,327.0,130.25,MONTECARLO
2021-05-31,293.5,293.5,282.25,287.4,295.0,130.25,MONTECARLO
2021-05-28,291.0,295.0,285.35,287.4,295.0,126.5,MONTECARLO
2021-05-27,291.85,295.0,283.95,290.3,295.0,126.5,MONTECARLO
2021-05-26,285.0,295.0,284.25,289.1,295.0,126.5,MONTECARLO
2021-05-25,274.95,287.7,271.2,284.25,287.7,126.5,MONTECARLO
2021-05-24,265.15,274.9,265.15,272.85,281.4,126.5,MONTECARLO
2021-05-21,265.3,270.0,263.0,265.15,281.4,125.55,MONTECARLO
2021-05-20,260.0,267.5,255.0,265.4,281.4,125.55,MONTECARLO
2021-05-19,264.85,264.85,255.0,255.9,281.4,125.55,MONTECARLO
2021-05-18,258.85,263.95,257.3,260.05,281.4,125.55,MONTECARLO
2021-05-17,257.0,260.3,251.0,256.85,281.4,125.55,MONTECARLO
2021-05-14,272.2,272.55,257.5,261.05,281.4,125.55,MONTECARLO
2021-05-12,269.35,281.4,265.9,270.25,281.4,125.55,MONTECARLO
2021-05-11,251.0,275.0,249.0,265.9,277.8,125.55,MONTECARLO
2021-05-10,249.95,260.0,249.3,252.5,277.8,125.55,MONTECARLO
2021-05-07,247.7,248.8,241.2,246.6,277.8,125.55,MONTECARLO
2021-05-06,236.95,262.0,236.3,247.7,277.8,125.55,MONTECARLO
2021-05-05,227.05,237.55,227.05,234.25,277.8,125.55,MONTECARLO
2021-05-04,229.0,236.0,225.0,226.25,277.8,125.55,MONTECARLO
2021-05-03,222.1,229.9,222.1,226.75,277.8,125.55,MONTECARLO
2021-04-30,226.1,234.3,222.6,224.05,277.8,125.55,MONTECARLO
2021-04-29,236.9,236.9,227.95,229.05,277.8,125.55,MONTECARLO
2021-04-28,237.0,237.9,231.1,232.6,277.8,125.55,MONTECARLO
2021-04-27,227.25,238.7,225.4,233.6,277.8,125.55,MONTECARLO
2021-04-26,227.9,232.0,222.9,226.1,277.8,125.55,MONTECARLO
2021-04-23,226.0,235.0,221.0,223.85,277.8,125.55,MONTECARLO
2021-04-22,221.85,226.8,218.2,223.8,277.8,125.55,MONTECARLO
2021-04-20,222.95,226.0,220.0,221.85,277.8,125.55,MONTECARLO
2021-04-19,220.55,222.95,217.6,219.5,277.8,125.55,MONTECARLO
2021-04-16,225.25,227.4,223.1,225.0,277.8,125.55,MONTECARLO
2021-04-15,226.95,230.05,218.0,223.25,277.8,125.55,MONTECARLO
2021-04-13,219.7,238.0,219.7,224.3,277.8,125.55,MONTECARLO
2021-04-12,234.5,235.0,218.1,219.65,277.8,125.55,MONTECARLO
2021-04-09,253.25,253.25,237.0,239.65,277.8,125.55,MONTECARLO
2021-04-08,223.85,261.8,218.3,252.95,277.8,125.55,MONTECARLO
2021-04-07,222.55,223.5,217.3,219.45,277.8,125.55,MONTECARLO
2021-04-06,224.95,227.0,219.0,220.5,277.8,125.55,MONTECARLO
2021-04-05,229.0,229.0,221.0,223.75,277.8,125.55,MONTECARLO
2021-04-01,226.0,232.0,224.9,229.75,277.8,121.05,MONTECARLO
2021-03-31,224.8,235.0,220.0,226.25,277.8,121.05,MONTECARLO
2021-03-30,225.0,228.8,221.25,223.55,277.8,121.05,MONTECARLO
2021-03-26,215.5,230.0,215.05,223.75,277.8,121.05,MONTECARLO
2021-03-25,220.15,220.15,211.2,215.5,277.8,121.05,MONTECARLO
2021-03-24,220.5,225.95,217.1,218.9,277.8,121.05,MONTECARLO
2021-03-23,215.0,224.0,214.0,218.75,277.8,121.05,MONTECARLO
2021-03-22,214.1,214.35,208.05,211.8,277.8,121.05,MONTECARLO
2021-03-19,216.0,216.0,207.1,213.55,277.8,121.05,MONTECARLO
2021-03-18,220.95,222.85,218.0,218.3,277.8,121.05,MONTECARLO
2021-03-17,223.7,223.7,218.0,218.4,277.8,121.05,MONTECARLO
2021-03-16,217.8,225.0,217.8,221.95,277.8,121.05,MONTECARLO
2021-03-15,221.1,223.1,215.85,217.8,277.8,121.05,MONTECARLO
2021-03-12,226.0,227.25,220.5,221.35,277.8,121.05,MONTECARLO
2021-03-10,226.7,226.7,222.25,223.75,277.8,121.05,MONTECARLO
2021-03-09,229.7,230.0,223.95,224.9,277.8,121.05,MONTECARLO
2021-03-08,231.95,231.95,226.45,227.55,277.8,121.05,MONTECARLO
2021-03-05,234.05,240.0,226.7,228.2,277.8,121.05,MONTECARLO
2021-03-04,234.0,239.5,231.0,233.7,277.8,121.05,MONTECARLO
2021-03-03,234.0,239.8,232.0,235.9,277.8,121.05,MONTECARLO
2021-03-02,230.0,237.0,230.0,235.65,277.8,121.05,MONTECARLO
2021-03-01,230.0,235.0,230.0,232.25,277.8,121.05,MONTECARLO
2021-02-26,228.0,232.7,226.0,228.7,277.8,121.05,MONTECARLO
2021-02-25,236.45,237.75,231.0,232.6,277.8,121.05,MONTECARLO
2021-02-24,226.0,236.35,225.25,231.5,277.8,121.05,MONTECARLO
2021-02-23,237.8,237.8,215.7,224.1,277.8,121.05,MONTECARLO
2021-02-22,237.95,237.95,227.0,234.35,277.8,121.05,MONTECARLO
2021-02-19,227.35,234.9,223.0,233.3,277.8,121.05,MONTECARLO
2021-02-18,229.0,229.0,221.7,226.75,277.8,121.05,MONTECARLO
2021-02-17,221.3,227.95,220.25,222.65,277.8,121.05,MONTECARLO
2021-02-16,227.05,227.05,220.05,221.2,277.8,121.05,MONTECARLO
2021-02-15,228.95,229.5,223.9,224.45,277.8,121.05,MONTECARLO
2021-02-12,230.1,231.95,225.05,226.15,278.7,121.05,MONTECARLO
2021-02-11,232.0,232.95,229.15,230.3,278.7,121.05,MONTECARLO
2021-02-10,231.25,235.75,230.1,231.2,278.7,121.05,MONTECARLO
2021-02-09,250.0,252.5,231.1,233.6,278.7,121.05,MONTECARLO
2021-02-08,245.0,248.0,232.7,237.25,278.7,121.05,MONTECARLO
2021-02-05,234.7,245.0,233.0,243.2,308.3,121.05,MONTECARLO
2021-02-04,230.0,240.0,225.05,232.4,308.3,121.05,MONTECARLO
2021-02-03,232.0,233.0,225.85,231.55,308.3,121.05,MONTECARLO
2021-02-02,232.55,238.2,230.05,231.05,308.3,121.05,MONTECARLO
2021-02-01,222.5,235.95,218.55,231.2,308.3,121.05,MONTECARLO
2021-01-29,224.85,225.5,222.0,223.05,308.3,121.05,MONTECARLO
2021-01-28,219.6,224.3,216.95,222.5,308.3,121.05,MONTECARLO
2021-01-27,221.05,221.05,215.45,219.2,308.3,121.05,MONTECARLO
2021-01-25,221.6,226.4,216.15,220.8,308.3,121.05,MONTECARLO
2021-01-22,226.8,226.8,217.45,222.4,308.3,121.05,MONTECARLO
2021-01-21,233.9,234.0,221.5,225.3,308.3,121.05,MONTECARLO
2021-01-20,232.9,233.7,230.0,232.2,308.3,121.05,MONTECARLO
2021-01-19,232.05,237.7,231.95,232.8,308.3,121.05,MONTECARLO
2021-01-18,240.0,240.0,228.0,230.8,308.3,121.05,MONTECARLO
2021-01-15,243.2,243.7,236.35,239.2,308.65,121.05,MONTECARLO
2021-01-14,244.3,245.7,240.5,241.75,308.65,121.05,MONTECARLO
2021-01-13,250.0,250.8,243.0,244.2,308.65,121.05,MONTECARLO
2021-01-12,250.9,252.0,246.55,247.95,308.65,121.05,MONTECARLO
2021-01-11,254.0,255.8,248.0,249.2,308.65,121.05,MONTECARLO
2021-01-08,250.0,252.0,247.25,248.4,308.65,121.05,MONTECARLO
2021-01-07,251.0,254.95,247.8,248.65,308.65,121.05,MONTECARLO
2021-01-06,254.8,256.4,248.75,250.2,308.65,121.05,MONTECARLO
2021-01-05,249.0,253.8,248.0,251.65,308.65,121.05,MONTECARLO
2021-01-04,256.0,257.8,251.1,253.5,308.65,121.05,MONTECARLO
2021-01-01,251.0,256.0,251.0,253.0,316.5,121.05,MONTECARLO
2020-12-31,254.5,262.1,251.6,254.1,316.5,121.05,MONTECARLO
2020-12-30,256.8,260.0,251.0,252.45,316.5,121.05,MONTECARLO
2020-12-29,248.4,264.5,241.65,248.6,316.5,121.05,MONTECARLO
2020-12-28,241.0,248.9,241.0,244.45,316.5,121.05,MONTECARLO
2020-12-24,250.9,252.0,241.4,243.85,316.5,121.05,MONTECARLO
2020-12-23,237.0,249.0,237.0,244.45,316.5,121.05,MONTECARLO
2020-12-22,229.0,238.85,218.0,235.45,316.5,121.05,MONTECARLO
2020-12-21,252.55,258.85,229.3,233.75,316.5,121.05,MONTECARLO
2020-12-18,261.25,263.9,250.0,258.55,316.5,121.05,MONTECARLO
2020-12-17,271.7,277.8,257.1,260.65,316.5,121.05,MONTECARLO
2020-12-16,243.0,277.3,239.8,269.9,316.5,121.05,MONTECARLO
2020-12-15,237.9,244.7,232.4,241.6,316.5,121.05,MONTECARLO
2020-12-14,235.0,237.7,234.0,234.45,316.5,121.05,MONTECARLO
2020-12-11,234.9,237.5,233.05,234.3,316.5,121.05,MONTECARLO
2020-12-10,240.9,241.05,230.3,234.2,316.5,121.05,MONTECARLO
2020-12-09,242.45,244.25,238.15,239.85,316.5,121.05,MONTECARLO
2020-12-08,243.9,245.2,237.0,240.65,316.5,121.05,MONTECARLO
2020-12-07,244.0,249.85,240.0,243.9,316.5,121.05,MONTECARLO
2020-12-04,243.4,246.05,238.4,242.4,316.5,121.05,MONTECARLO
2020-12-03,242.4,244.45,241.2,242.6,316.5,121.05,MONTECARLO
2020-12-02,240.0,245.0,240.0,241.5,316.5,121.05,MONTECARLO
2020-12-01,245.5,248.0,238.7,241.95,316.5,121.05,MONTECARLO
2020-11-27,248.2,248.2,238.0,243.4,316.5,121.05,MONTECARLO
2020-11-26,221.4,242.45,217.95,233.4,316.5,121.05,MONTECARLO
2020-11-25,228.9,228.9,216.1,219.55,316.5,121.05,MONTECARLO
2020-11-24,225.0,229.0,220.05,222.4,316.5,121.05,MONTECARLO
2020-11-23,218.45,221.1,215.0,216.8,316.5,121.05,MONTECARLO
2020-11-20,217.95,221.9,202.7,215.5,316.5,121.05,MONTECARLO
2020-11-19,210.0,225.4,205.6,216.75,316.5,121.05,MONTECARLO
2020-11-18,220.0,220.0,208.0,211.65,316.5,121.05,MONTECARLO
2020-11-17,196.8,222.1,196.8,218.35,316.5,121.05,MONTECARLO
2020-11-14,195.0,195.0,192.7,193.45,316.5,121.05,MONTECARLO
2020-11-13,185.0,195.9,185.0,193.35,316.5,121.05,MONTECARLO
2020-11-12,189.4,193.15,182.0,189.5,316.5,121.05,MONTECARLO
2020-11-11,190.0,191.2,186.25,188.05,316.5,121.05,MONTECARLO
2020-11-10,192.0,193.0,187.05,191.4,316.5,121.05,MONTECARLO
2020-11-09,181.2,194.0,181.2,190.8,316.5,121.05,MONTECARLO
2020-11-06,185.95,186.0,181.0,183.45,316.5,121.05,MONTECARLO
2020-11-05,182.8,184.1,180.65,181.9,316.5,121.05,MONTECARLO
2020-11-04,185.0,186.5,181.6,183.1,316.5,121.05,MONTECARLO
2020-11-03,185.9,186.7,181.0,182.95,316.5,121.05,MONTECARLO
2020-11-02,181.0,187.0,179.0,182.3,316.5,121.05,MONTECARLO
2020-10-30,178.2,181.75,175.55,177.25,316.5,121.05,MONTECARLO
2020-10-29,180.1,182.35,178.05,178.85,316.5,121.05,MONTECARLO
2020-10-28,183.05,184.2,180.0,181.2,316.5,121.05,MONTECARLO
2020-10-27,181.8,182.55,180.4,181.0,316.5,121.05,MONTECARLO
2020-10-26,183.65,185.2,181.0,181.8,316.5,121.05,MONTECARLO
2020-10-23,181.55,187.1,181.55,184.1,316.5,121.05,MONTECARLO
2020-10-22,181.05,187.8,180.2,181.9,316.5,121.05,MONTECARLO
2020-10-21,184.0,185.85,180.1,181.85,316.5,121.05,MONTECARLO
2020-10-20,181.05,184.8,178.55,183.0,316.5,121.05,MONTECARLO
2020-10-19,182.45,184.5,180.8,181.8,316.5,121.05,MONTECARLO
2020-10-16,180.95,185.85,179.8,180.95,316.5,121.05,MONTECARLO
2020-10-15,191.4,191.4,178.05,179.35,316.5,121.05,MONTECARLO
2020-10-14,193.15,193.6,185.75,187.1,316.5,121.05,MONTECARLO
2020-10-13,197.1,197.4,191.2,193.1,316.5,121.05,MONTECARLO
2020-10-12,191.0,192.1,186.7,189.9,316.5,121.05,MONTECARLO
2020-10-09,185.4,190.0,180.4,186.8,316.5,121.05,MONTECARLO
2020-10-08,186.15,187.35,183.0,185.1,316.5,121.05,MONTECARLO
2020-10-07,187.75,187.75,181.3,184.6,316.5,121.05,MONTECARLO
2020-10-06,180.25,188.6,180.25,186.9,316.5,121.05,MONTECARLO
2020-10-05,178.0,184.0,168.0,180.25,316.5,121.05,MONTECARLO
2020-10-01,175.0,179.8,172.85,176.1,316.5,121.05,MONTECARLO
2020-09-30,172.8,174.9,170.05,171.95,316.5,121.05,MONTECARLO
2020-09-29,171.0,173.45,169.0,172.75,316.5,121.05,MONTECARLO
2020-09-28,166.8,173.0,165.1,169.65,316.5,121.05,MONTECARLO
2020-09-25,165.05,169.4,163.0,166.8,316.5,121.05,MONTECARLO
2020-09-24,165.05,166.65,161.75,163.3,316.5,121.05,MONTECARLO
2020-09-23,170.95,173.0,163.2,165.55,316.5,121.05,MONTECARLO
2020-09-22,173.0,173.3,163.0,168.7,316.5,121.05,MONTECARLO
2020-09-21,184.0,184.0,172.4,173.5,316.5,121.05,MONTECARLO
2020-09-18,177.55,185.15,176.05,181.45,316.5,121.05,MONTECARLO
2020-09-17,177.0,181.1,177.0,179.55,316.5,121.05,MONTECARLO
2020-09-16,182.6,182.95,176.8,179.85,316.5,121.05,MONTECARLO
2020-09-15,176.0,185.0,174.8,182.5,316.5,121.05,MONTECARLO
2020-09-14,170.2,180.0,170.0,174.7,316.5,121.05,MONTECARLO
2020-09-11,169.85,172.05,167.0,167.8,316.5,121.05,MONTECARLO
2020-09-10,169.9,171.0,165.1,168.5,316.5,121.05,MONTECARLO
2020-09-09,169.4,169.4,164.0,165.45,316.5,121.05,MONTECARLO
2020-09-08,172.95,175.0,164.05,168.5,316.5,121.05,MONTECARLO
2020-09-07,179.9,179.9,172.15,172.9,316.5,121.05,MONTECARLO
2020-09-04,177.8,181.0,175.0,176.85,316.5,121.05,MONTECARLO
2020-09-03,178.35,182.0,176.5,181.05,316.5,121.05,MONTECARLO
2020-09-02,177.5,179.0,173.5,177.35,316.5,121.05,MONTECARLO
2020-09-01,179.0,181.95,171.2,173.35,316.5,121.05,MONTECARLO
2020-08-31,187.5,189.5,171.0,173.65,316.5,121.05,MONTECARLO
2020-08-28,189.5,192.0,183.0,185.55,316.5,121.05,MONTECARLO
2020-08-27,187.6,195.0,184.0,187.95,316.5,121.05,MONTECARLO
2020-08-26,187.0,189.2,184.0,186.25,316.5,121.05,MONTECARLO
2020-08-25,187.85,189.0,182.0,184.1,316.5,121.05,MONTECARLO
2020-08-24,201.0,201.05,182.7,186.35,316.5,121.05,MONTECARLO
2020-08-21,187.95,197.4,180.0,191.2,316.5,121.05,MONTECARLO
2020-08-20,178.0,189.9,178.0,184.65,316.5,121.05,MONTECARLO
2020-08-19,172.5,178.4,170.9,176.15,316.5,121.05,MONTECARLO
2020-08-18,164.8,174.85,164.6,171.1,316.5,121.05,MONTECARLO
2020-08-17,163.9,168.4,161.25,164.2,316.5,121.05,MONTECARLO
2020-08-14,159.9,175.05,158.0,162.45,316.5,121.05,MONTECARLO
2020-08-13,161.7,162.0,158.5,158.95,316.5,121.05,MONTECARLO
2020-08-12,156.95,161.5,155.6,159.95,316.5,121.05,MONTECARLO
2020-08-11,158.5,158.5,156.0,156.95,316.5,121.05,MONTECARLO
2020-08-10,159.55,160.45,155.0,155.55,316.5,121.05,MONTECARLO
2020-08-07,161.9,162.95,159.0,160.3,316.5,121.05,MONTECARLO
2020-08-06,159.55,162.65,159.4,160.75,316.5,121.05,MONTECARLO
2020-08-05,158.75,161.7,156.0,160.1,316.5,121.05,MONTECARLO
2020-08-04,155.25,160.0,154.95,157.15,316.5,121.05,MONTECARLO
2020-08-03,160.0,160.0,154.0,155.2,316.5,121.05,MONTECARLO
2020-07-31,159.6,159.6,155.0,155.5,316.5,121.05,MONTECARLO
2020-07-30,161.65,161.7,158.1,159.05,316.5,121.05,MONTECARLO
2020-07-29,158.85,161.25,158.35,159.25,316.5,121.05,MONTECARLO
2020-07-28,157.45,159.75,157.45,158.65,316.5,121.05,MONTECARLO
2020-07-27,156.6,160.35,156.6,157.45,316.5,121.05,MONTECARLO
2020-07-24,163.9,163.9,160.1,160.85,316.5,121.05,MONTECARLO
2020-07-23,160.05,163.35,160.05,161.2,316.5,121.05,MONTECARLO
2020-07-22,162.4,163.8,160.0,160.2,316.5,121.05,MONTECARLO
2020-07-21,161.0,165.5,161.0,162.6,316.5,121.05,MONTECARLO
2020-07-20,163.65,167.2,160.15,161.8,316.5,121.05,MONTECARLO
2020-07-17,160.7,174.0,159.05,163.65,316.5,121.05,MONTECARLO
2020-07-16,161.5,165.55,158.25,160.65,316.5,121.05,MONTECARLO
2020-07-15,165.35,167.8,160.0,161.4,316.5,121.05,MONTECARLO
2020-07-14,169.45,173.7,166.0,167.0,316.5,121.05,MONTECARLO
2020-07-13,158.0,166.0,153.35,164.35,316.5,121.05,MONTECARLO
2020-07-10,160.65,160.9,155.6,156.25,316.5,121.05,MONTECARLO
2020-07-09,159.6,160.7,158.15,159.6,316.5,121.05,MONTECARLO
2020-07-08,160.3,161.95,157.0,158.15,316.5,121.05,MONTECARLO
2020-07-07,161.05,163.35,158.3,159.85,316.5,121.05,MONTECARLO
2020-07-06,158.1,164.65,157.0,160.75,316.5,121.05,MONTECARLO
2020-07-03,162.15,162.15,157.5,157.9,316.5,121.05,MONTECARLO
2020-07-02,161.3,165.0,161.3,162.0,316.5,121.05,MONTECARLO
2020-07-01,165.15,165.15,162.05,162.75,316.5,121.05,MONTECARLO
2020-06-30,165.95,166.0,164.0,165.15,316.5,121.05,MONTECARLO
2020-06-29,166.45,170.05,162.65,164.3,316.5,121.05,MONTECARLO
2020-06-26,169.0,169.0,163.05,164.1,316.5,121.05,MONTECARLO
2020-06-25,167.0,168.15,160.0,165.05,316.5,121.05,MONTECARLO
2020-06-24,172.8,176.0,168.1,168.7,316.5,121.05,MONTECARLO
2020-06-23,170.0,172.7,167.4,170.2,316.5,121.05,MONTECARLO
2020-06-22,159.15,177.0,159.1,168.45,316.5,121.05,MONTECARLO
2020-06-19,157.9,162.45,155.0,158.2,316.5,121.05,MONTECARLO
2020-06-18,152.7,157.85,150.95,154.9,316.5,121.05,MONTECARLO
2020-06-17,151.0,155.0,148.25,150.95,316.5,121.05,MONTECARLO
2020-06-16,153.3,160.0,148.0,151.25,316.5,121.05,MONTECARLO
2020-06-15,151.7,154.55,147.1,148.65,316.5,121.05,MONTECARLO
2020-06-12,141.0,150.8,141.0,150.05,319.1,121.05,MONTECARLO
2020-06-11,154.8,156.0,149.0,150.2,319.1,121.05,MONTECARLO
2020-06-10,152.7,156.5,151.05,153.4,319.1,121.05,MONTECARLO
2020-06-09,154.45,156.0,148.55,149.7,319.1,121.05,MONTECARLO
2020-06-08,165.0,165.0,153.5,155.45,319.1,121.05,MONTECARLO
2020-06-05,163.5,163.5,156.5,159.15,319.1,121.05,MONTECARLO
2020-06-04,156.9,168.0,155.0,161.35,319.1,121.05,MONTECARLO
2020-06-03,133.55,157.4,133.0,152.2,319.1,121.05,MONTECARLO
2020-06-02,132.5,135.05,130.25,131.2,319.1,121.05,MONTECARLO
2020-06-01,135.0,136.05,130.55,131.0,319.1,121.05,MONTECARLO
2020-05-29,132.9,134.0,129.0,129.85,326.0,121.05,MONTECARLO
2020-05-28,134.3,134.3,129.05,130.05,326.0,121.05,MONTECARLO
2020-05-27,130.15,131.0,129.0,129.5,326.0,121.05,MONTECARLO
2020-05-26,134.45,134.45,126.5,130.1,326.0,121.05,MONTECARLO
2020-05-22,131.25,132.45,125.55,129.15,326.0,121.05,MONTECARLO
2020-05-21,136.5,136.5,129.7,130.7,326.0,121.05,MONTECARLO
2020-05-20,132.5,138.0,129.15,131.0,326.0,121.05,MONTECARLO
2020-05-19,133.55,133.55,129.5,130.1,326.0,121.05,MONTECARLO
2020-05-18,136.9,136.9,130.1,131.0,326.0,121.05,MONTECARLO
2020-05-15,138.0,138.0,135.0,136.15,326.0,121.05,MONTECARLO
2020-05-14,135.6,139.95,133.85,138.75,326.0,121.05,MONTECARLO
2020-05-13,143.1,148.9,134.0,135.9,326.0,121.05,MONTECARLO
2020-05-12,144.05,146.35,140.25,143.0,326.0,121.05,MONTECARLO
2020-05-11,144.95,148.45,143.05,144.55,326.0,121.05,MONTECARLO
2020-05-08,150.0,150.05,142.9,144.1,326.0,121.05,MONTECARLO
2020-05-07,151.8,152.6,145.8,147.3,326.0,121.05,MONTECARLO
2020-05-06,154.45,154.45,150.05,151.4,326.0,121.05,MONTECARLO
2020-05-05,154.1,156.95,152.5,152.85,326.0,121.05,MONTECARLO
2020-05-04,152.0,156.95,152.0,155.15,326.0,121.05,MONTECARLO
2020-04-30,158.75,162.3,156.0,157.7,328.0,121.05,MONTECARLO
2020-04-29,155.75,160.0,153.3,158.75,328.0,121.05,MONTECARLO
2020-04-28,155.9,156.0,152.75,153.65,328.0,121.05,MONTECARLO
2020-04-27,166.0,166.0,152.0,153.15,328.0,121.05,MONTECARLO
2020-04-24,162.85,162.85,153.05,154.6,344.0,121.05,MONTECARLO
2020-04-23,159.8,164.8,157.35,159.55,344.0,121.05,MONTECARLO
2020-04-22,159.9,159.9,153.0,156.8,344.0,121.05,MONTECARLO
2020-04-21,159.0,172.0,151.0,155.5,344.0,121.05,MONTECARLO
2020-04-20,159.8,161.6,156.0,157.0,344.0,121.05,MONTECARLO
2020-04-17,159.0,160.9,152.95,156.7,349.0,121.05,MONTECARLO
2020-04-16,151.0,158.95,151.0,153.55,349.0,121.05,MONTECARLO
2020-04-15,160.95,160.95,151.3,152.8,349.0,121.05,MONTECARLO
2020-04-13,164.0,164.0,153.1,154.8,349.0,121.05,MONTECARLO
2020-04-09,153.85,164.9,153.85,159.3,364.2,121.05,MONTECARLO
2020-04-08,151.2,160.95,150.3,153.15,364.2,121.05,MONTECARLO
2020-04-07,155.0,158.0,150.05,151.35,364.2,121.05,MONTECARLO
2020-04-03,138.1,152.0,136.05,148.6,367.15,121.05,MONTECARLO
2020-04-01,139.0,140.25,132.85,138.95,367.15,121.05,MONTECARLO
2020-03-31,135.6,135.6,131.15,133.3,367.15,121.05,MONTECARLO
2020-03-30,121.05,135.3,121.05,130.1,367.15,121.05,MONTECARLO
2020-03-27,140.5,145.0,134.1,137.85,374.75,129.6,MONTECARLO
2020-03-26,137.35,146.5,133.2,136.15,374.75,129.6,MONTECARLO
2020-03-25,139.0,144.0,136.0,141.55,374.75,129.6,MONTECARLO
2020-03-24,148.0,159.45,136.0,138.15,374.75,129.6,MONTECARLO
2020-03-23,133.05,146.2,129.6,135.55,374.75,129.6,MONTECARLO
2020-03-20,156.0,159.85,149.0,151.2,378.9,142.0,MONTECARLO
2020-03-19,159.0,165.0,149.95,156.6,378.9,142.0,MONTECARLO
2020-03-18,165.0,174.75,158.0,159.75,378.9,142.0,MONTECARLO
2020-03-17,150.5,169.0,150.5,164.35,378.9,142.0,MONTECARLO
2020-03-16,158.05,170.0,154.3,157.2,378.9,142.0,MONTECARLO
2020-03-13,150.5,179.05,142.0,172.1,378.9,142.0,MONTECARLO
2020-03-12,166.0,174.0,161.3,164.35,378.9,161.3,MONTECARLO
2020-03-11,189.1,189.1,175.65,176.0,378.9,167.6,MONTECARLO
2020-03-09,190.5,190.5,167.6,183.6,378.9,167.6,MONTECARLO
2020-03-06,195.1,195.1,189.5,190.5,378.9,189.5,MONTECARLO
2020-03-05,196.05,202.15,196.05,198.85,378.9,194.6,MONTECARLO
2020-03-04,202.7,202.7,194.6,196.0,378.9,194.6,MONTECARLO
2020-03-03,201.0,207.0,195.0,196.9,378.9,195.0,MONTECARLO
2020-03-02,202.15,211.0,201.05,202.65,378.9,201.0,MONTECARLO
2020-02-28,206.6,212.6,201.0,206.1,378.9,201.0,MONTECARLO
2020-02-27,213.5,215.95,205.5,206.6,378.9,205.5,MONTECARLO
2020-02-26,220.35,222.5,211.0,215.0,378.9,211.0,MONTECARLO
2020-02-25,229.9,230.0,218.8,221.05,378.9,216.0,MONTECARLO
2020-02-24,240.95,240.95,225.0,228.45,378.9,216.0,MONTECARLO
2020-02-20,248.15,250.0,235.3,237.25,396.0,216.0,MONTECARLO
2020-02-19,246.55,252.0,246.55,249.15,396.0,216.0,MONTECARLO
2020-02-18,252.0,252.2,245.1,246.55,396.0,216.0,MONTECARLO
2020-02-17,263.0,264.55,252.0,255.05,396.0,216.0,MONTECARLO
2020-02-14,265.0,273.55,260.1,263.35,396.0,216.0,MONTECARLO
2020-02-13,262.1,278.7,257.75,269.0,396.0,216.0,MONTECARLO
2020-02-12,262.0,266.9,260.0,262.35,396.0,216.0,MONTECARLO
2020-02-11,263.0,271.55,262.0,263.2,396.0,216.0,MONTECARLO
2020-02-10,272.0,275.75,261.0,264.15,396.0,216.0,MONTECARLO
2020-02-07,290.0,308.3,268.0,270.95,396.0,216.0,MONTECARLO
2020-02-06,274.35,284.25,271.3,282.85,396.0,216.0,MONTECARLO
2020-02-05,265.0,277.45,265.0,273.6,396.0,216.0,MONTECARLO
2020-02-04,260.05,265.0,258.0,262.4,396.0,216.0,MONTECARLO
2020-02-03,264.0,264.0,255.05,257.1,396.0,216.0,MONTECARLO
2020-02-01,275.5,278.35,260.05,264.05,396.0,216.0,MONTECARLO
2020-01-31,281.15,283.15,272.5,274.15,396.0,216.0,MONTECARLO
2020-01-30,287.8,288.0,280.05,280.45,396.0,216.0,MONTECARLO
2020-01-29,283.5,289.0,282.45,284.45,396.0,216.0,MONTECARLO
2020-01-28,283.35,292.5,283.0,283.45,396.0,216.0,MONTECARLO
2020-01-27,280.0,288.9,280.0,282.45,396.0,216.0,MONTECARLO
