DATE,OPEN,HIGH,LOW,CLOSE,52W H,52W L,SYMBOL
2021-10-20,359.0,359.0,344.65,348.15,387.4,129.25,NIITLTD
2021-10-19,366.15,370.5,352.2,356.4,387.4,129.25,NIITLTD
2021-10-18,350.9,363.0,347.05,361.2,387.4,129.25,NIITLTD
2021-10-14,350.0,353.75,344.0,346.95,387.4,127.0,NIITLTD
2021-10-13,353.0,357.2,344.65,346.4,387.4,127.0,NIITLTD
2021-10-12,354.9,357.7,349.65,351.4,387.4,127.0,NIITLTD
2021-10-11,361.5,361.5,352.65,355.0,387.4,127.0,NIITLTD
2021-10-08,358.8,368.25,358.05,360.5,387.4,127.0,NIITLTD
2021-10-07,354.95,363.0,354.05,357.55,387.4,127.0,NIITLTD
2021-10-06,356.0,362.25,345.55,348.15,387.4,127.0,NIITLTD
2021-10-05,359.5,360.4,351.8,353.1,387.4,127.0,NIITLTD
2021-10-04,354.9,363.8,352.2,361.35,387.4,127.0,NIITLTD
2021-10-01,370.5,370.5,346.55,349.65,387.4,127.0,NIITLTD
2021-09-30,363.0,378.0,363.0,372.3,387.4,127.0,NIITLTD
2021-09-29,355.0,377.8,355.0,361.25,387.4,127.0,NIITLTD
2021-09-28,371.3,372.5,355.0,360.95,387.4,127.0,NIITLTD
2021-09-27,371.4,381.0,360.3,369.0,387.4,127.0,NIITLTD
2021-09-24,327.0,387.4,326.95,370.6,387.4,121.8,NIITLTD
2021-09-23,331.45,335.0,321.55,327.25,351.45,121.8,NIITLTD
2021-09-22,324.0,339.85,324.0,329.8,351.45,121.8,NIITLTD
2021-09-21,316.5,327.85,311.8,324.8,351.45,121.8,NIITLTD
2021-09-20,319.8,329.0,311.5,314.45,351.45,121.8,NIITLTD
2021-09-17,325.45,332.9,316.2,321.65,351.45,121.8,NIITLTD
2021-09-16,336.0,339.0,322.0,324.75,351.45,121.8,NIITLTD
2021-09-15,315.85,335.0,315.85,333.0,351.45,121.8,NIITLTD
2021-09-14,317.8,323.8,311.1,315.25,351.45,121.8,NIITLTD
2021-09-13,305.9,322.0,305.0,317.05,351.45,121.8,NIITLTD
2021-09-09,296.9,310.75,295.6,307.5,351.45,117.25,NIITLTD
2021-09-08,303.0,305.0,292.25,296.9,351.45,117.25,NIITLTD
2021-09-07,312.8,313.95,299.0,301.55,351.45,117.25,NIITLTD
2021-09-06,310.8,315.75,307.1,310.7,351.45,117.25,NIITLTD
2021-09-03,313.9,318.45,283.4,308.55,351.45,115.05,NIITLTD
2021-09-02,317.2,318.4,309.95,311.45,351.45,115.05,NIITLTD
2021-09-01,318.9,322.5,311.85,314.7,351.45,115.05,NIITLTD
2021-08-31,316.0,326.5,314.0,316.1,351.45,115.05,NIITLTD
2021-08-30,313.3,318.4,312.55,314.3,351.45,115.05,NIITLTD
2021-08-27,307.9,319.5,306.3,311.2,351.45,115.05,NIITLTD
2021-08-26,309.0,315.6,305.15,307.6,351.45,115.05,NIITLTD
2021-08-25,317.6,317.6,305.55,308.7,351.45,115.05,NIITLTD
2021-08-24,311.0,319.55,309.3,315.6,351.45,115.05,NIITLTD
2021-08-23,315.6,320.3,300.2,310.6,351.45,115.05,NIITLTD
2021-08-20,324.0,327.85,307.05,310.2,351.45,97.75,NIITLTD
2021-08-18,341.0,343.45,325.0,328.2,351.45,97.75,NIITLTD
2021-08-17,324.05,351.45,323.95,342.35,351.45,97.75,NIITLTD
2021-08-16,323.8,335.0,321.65,328.85,348.0,97.75,NIITLTD
2021-08-13,323.55,341.0,320.1,324.7,348.0,94.5,NIITLTD
2021-08-12,312.0,330.0,311.0,327.9,348.0,94.5,NIITLTD
2021-08-11,307.0,316.65,286.8,313.45,348.0,94.5,NIITLTD
2021-08-10,321.5,322.1,293.55,306.45,348.0,94.5,NIITLTD
2021-08-09,326.25,326.8,317.0,321.45,348.0,94.5,NIITLTD
2021-08-06,325.0,332.0,320.0,323.85,348.0,93.1,NIITLTD
2021-08-05,305.95,323.9,298.1,319.1,348.0,93.1,NIITLTD
2021-08-04,330.4,331.7,302.6,305.2,348.0,93.1,NIITLTD
2021-08-03,324.4,332.5,323.5,329.1,348.0,93.1,NIITLTD
2021-08-02,326.5,337.25,321.15,323.0,348.0,93.1,NIITLTD
2021-07-30,331.5,348.0,319.25,323.9,348.0,92.0,NIITLTD
2021-07-29,313.0,339.0,309.7,333.85,339.0,92.0,NIITLTD
2021-07-28,309.55,318.25,304.3,311.25,319.4,92.0,NIITLTD
2021-07-27,295.3,311.0,290.1,307.9,319.4,92.0,NIITLTD
2021-07-26,289.65,296.4,289.65,293.35,319.4,92.0,NIITLTD
2021-07-23,298.0,299.4,290.25,291.35,319.4,92.0,NIITLTD
2021-07-22,283.8,299.0,283.75,295.75,319.4,92.0,NIITLTD
2021-07-20,286.7,286.9,276.1,281.5,319.4,92.0,NIITLTD
2021-07-19,287.95,293.7,281.35,283.95,319.4,92.0,NIITLTD
2021-07-16,295.75,296.2,289.05,291.0,319.4,92.0,NIITLTD
2021-07-15,292.5,301.35,290.75,293.55,319.4,92.0,NIITLTD
2021-07-14,290.0,295.6,288.6,291.4,319.4,92.0,NIITLTD
2021-07-13,293.1,293.35,287.25,288.45,319.4,92.0,NIITLTD
2021-07-12,289.4,296.0,288.75,290.75,319.4,92.0,NIITLTD
2021-07-09,289.0,293.45,285.55,287.3,319.4,90.7,NIITLTD
2021-07-08,289.0,297.65,286.3,291.05,319.4,90.7,NIITLTD
2021-07-07,289.0,297.0,286.35,290.5,319.4,90.7,NIITLTD
2021-07-06,307.0,312.65,286.0,289.0,319.4,90.7,NIITLTD
2021-07-05,314.0,319.4,304.25,306.4,319.4,90.7,NIITLTD
2021-07-02,293.0,316.6,290.0,313.7,316.6,90.65,NIITLTD
2021-07-01,289.0,291.7,284.1,290.15,307.4,90.65,NIITLTD
2021-06-30,281.45,293.8,278.0,287.1,307.4,90.65,NIITLTD
2021-06-29,270.3,285.4,267.85,278.7,307.4,90.65,NIITLTD
2021-06-28,267.8,276.4,265.35,270.85,307.4,90.65,NIITLTD
2021-06-25,273.2,273.45,264.6,265.95,307.4,90.65,NIITLTD
2021-06-24,273.0,278.85,270.25,271.75,307.4,90.65,NIITLTD
2021-06-23,266.9,278.85,264.05,272.75,307.4,90.65,NIITLTD
2021-06-22,264.5,271.7,262.2,264.55,307.4,90.65,NIITLTD
2021-06-21,264.0,266.6,257.55,262.05,307.4,90.65,NIITLTD
2021-06-18,269.3,274.65,256.6,264.05,307.4,89.6,NIITLTD
2021-06-17,263.9,271.55,262.6,264.25,307.4,89.6,NIITLTD
2021-06-16,275.5,278.0,268.1,269.9,307.4,89.6,NIITLTD
2021-06-15,271.5,282.8,271.5,275.35,307.4,89.6,NIITLTD
2021-06-14,273.0,283.9,262.5,276.0,307.4,89.6,NIITLTD
2021-06-11,278.0,286.6,272.55,275.35,307.4,88.0,NIITLTD
2021-06-10,270.0,283.75,270.0,278.45,307.4,88.0,NIITLTD
2021-06-09,286.75,307.4,262.8,267.6,307.4,88.0,NIITLTD
2021-06-08,253.9,301.0,243.0,287.6,301.0,88.0,NIITLTD
2021-06-07,224.75,259.7,224.75,253.05,259.7,88.0,NIITLTD
2021-06-04,199.7,231.4,198.95,221.35,231.4,86.6,NIITLTD
2021-06-03,187.6,199.0,187.6,197.9,210.7,86.6,NIITLTD
2021-06-02,190.0,191.7,187.05,187.85,210.7,86.6,NIITLTD
2021-06-01,188.05,190.45,183.6,189.35,210.7,86.6,NIITLTD
2021-05-31,191.0,192.05,187.0,187.75,210.7,86.6,NIITLTD
2021-05-28,192.0,193.7,187.0,191.15,210.7,84.75,NIITLTD
2021-05-27,183.75,190.75,182.0,190.05,210.7,84.75,NIITLTD
2021-05-26,185.5,186.7,182.05,183.75,210.7,84.75,NIITLTD
2021-05-25,187.0,187.25,183.15,185.5,210.7,84.75,NIITLTD
2021-05-24,179.8,184.3,179.15,183.0,210.7,84.75,NIITLTD
2021-05-21,180.0,183.5,178.0,178.8,210.7,82.0,NIITLTD
2021-05-20,184.4,185.65,176.3,177.75,210.7,82.0,NIITLTD
2021-05-19,185.0,190.6,182.5,183.4,210.7,82.0,NIITLTD
2021-05-18,183.05,185.0,179.4,184.0,210.7,82.0,NIITLTD
2021-05-17,173.95,183.0,173.95,180.3,210.7,82.0,NIITLTD
2021-05-14,170.95,176.9,168.2,173.5,210.7,82.0,NIITLTD
2021-05-12,169.0,170.95,167.5,168.6,210.7,82.0,NIITLTD
2021-05-11,165.7,171.7,164.8,169.75,210.7,82.0,NIITLTD
2021-05-10,169.9,169.9,165.15,166.2,210.7,82.0,NIITLTD
2021-05-07,173.7,175.15,167.75,169.25,210.7,81.65,NIITLTD
2021-05-06,166.95,175.4,163.3,173.5,210.7,81.65,NIITLTD
2021-05-05,165.3,169.15,165.05,166.05,210.7,81.65,NIITLTD
2021-05-04,166.45,169.9,164.05,164.85,210.7,81.65,NIITLTD
2021-05-03,163.4,169.0,163.3,166.15,210.7,81.65,NIITLTD
2021-04-30,167.65,171.3,162.5,165.9,210.7,81.65,NIITLTD
2021-04-29,173.65,174.5,167.2,168.6,210.7,81.65,NIITLTD
2021-04-28,174.7,175.6,171.0,172.05,210.7,81.65,NIITLTD
2021-04-27,168.85,177.3,168.1,172.75,210.7,81.65,NIITLTD
2021-04-26,168.9,170.0,166.8,168.95,210.7,81.65,NIITLTD
2021-04-23,170.6,172.2,166.25,167.15,210.7,80.15,NIITLTD
2021-04-22,170.5,171.6,168.1,168.9,210.7,80.15,NIITLTD
2021-04-20,176.9,177.75,170.5,171.6,210.7,80.15,NIITLTD
2021-04-19,165.0,177.15,161.5,174.45,210.7,80.15,NIITLTD
2021-04-16,169.15,174.4,168.0,172.0,210.7,77.05,NIITLTD
2021-04-15,173.4,173.45,164.0,168.35,210.7,77.05,NIITLTD
2021-04-13,169.25,179.5,168.9,173.45,210.7,77.05,NIITLTD
2021-04-12,176.0,176.0,165.1,168.9,210.7,77.05,NIITLTD
2021-04-09,179.0,183.4,176.0,177.8,210.7,76.0,NIITLTD
2021-04-08,176.1,185.0,176.1,178.3,210.7,76.0,NIITLTD
2021-04-07,180.9,180.9,174.2,177.0,210.7,76.0,NIITLTD
2021-04-06,190.0,191.65,179.25,182.1,210.7,76.0,NIITLTD
2021-04-05,179.0,194.4,177.35,188.4,210.7,76.0,NIITLTD
2021-04-01,141.65,165.45,141.65,165.45,210.7,72.5,NIITLTD
2021-03-31,140.05,142.2,136.0,137.9,210.7,72.5,NIITLTD
2021-03-30,148.0,149.05,138.0,139.1,210.7,72.5,NIITLTD
2021-03-26,151.5,151.5,145.1,146.65,210.7,54.0,NIITLTD
2021-03-25,154.45,155.9,144.4,147.1,210.7,54.0,NIITLTD
2021-03-24,155.75,157.0,152.5,154.6,210.7,54.0,NIITLTD
2021-03-23,150.6,158.9,150.6,155.75,210.7,54.0,NIITLTD
2021-03-22,148.0,153.0,148.0,149.8,210.7,54.0,NIITLTD
2021-03-19,156.0,160.0,150.05,153.6,210.7,54.0,NIITLTD
2021-03-18,172.9,173.5,157.4,162.05,210.7,54.0,NIITLTD
2021-03-17,180.0,180.8,167.85,170.75,210.7,54.0,NIITLTD
2021-03-16,189.8,189.9,180.1,180.75,210.7,54.0,NIITLTD
2021-03-15,188.0,188.35,185.1,186.15,210.7,54.0,NIITLTD
2021-03-12,187.7,189.95,187.15,187.75,210.7,54.0,NIITLTD
2021-03-10,189.65,192.8,187.15,187.75,210.7,54.0,NIITLTD
2021-03-09,189.15,191.85,188.1,189.45,210.7,54.0,NIITLTD
2021-03-08,192.85,193.45,186.8,188.9,210.7,54.0,NIITLTD
2021-03-05,194.8,195.8,190.5,192.55,210.7,54.0,NIITLTD
2021-03-04,194.6,196.95,194.5,195.05,210.7,54.0,NIITLTD
2021-03-03,197.5,197.5,194.8,195.1,210.7,54.0,NIITLTD
2021-03-02,196.85,198.0,195.1,196.15,210.7,54.0,NIITLTD
2021-03-01,195.0,196.25,193.0,194.95,210.7,54.0,NIITLTD
2021-02-26,196.0,197.7,194.0,194.95,210.7,54.0,NIITLTD
2021-02-25,197.75,198.85,196.0,198.1,210.7,54.0,NIITLTD
2021-02-24,196.0,199.9,195.0,198.8,210.7,54.0,NIITLTD
2021-02-23,191.1,197.7,191.0,196.4,210.7,54.0,NIITLTD
2021-02-22,201.8,203.7,199.1,200.25,210.7,54.0,NIITLTD
2021-02-19,199.55,204.9,197.2,201.05,210.7,54.0,NIITLTD
2021-02-18,201.05,201.95,197.1,199.55,210.7,54.0,NIITLTD
2021-02-17,197.95,201.2,194.85,200.05,210.7,54.0,NIITLTD
2021-02-16,201.45,202.15,195.2,196.05,210.7,54.0,NIITLTD
2021-02-15,197.5,202.0,196.75,200.9,210.7,54.0,NIITLTD
2021-02-12,193.7,194.45,191.9,192.8,210.7,54.0,NIITLTD
2021-02-11,192.1,195.4,192.1,193.7,210.7,54.0,NIITLTD
2021-02-10,192.35,195.35,192.0,193.45,210.7,54.0,NIITLTD
2021-02-09,192.5,194.55,190.1,192.2,210.7,54.0,NIITLTD
2021-02-08,196.0,197.75,192.0,192.25,210.7,54.0,NIITLTD
2021-02-05,198.6,202.0,193.6,195.75,210.7,54.0,NIITLTD
2021-02-04,194.45,199.25,193.4,198.5,210.7,54.0,NIITLTD
2021-02-03,189.1,197.8,188.0,194.45,210.7,54.0,NIITLTD
2021-02-02,189.7,192.5,188.0,188.9,210.7,54.0,NIITLTD
2021-02-01,188.15,191.95,186.0,188.95,210.7,54.0,NIITLTD
2021-01-29,190.3,192.45,186.75,187.6,210.7,54.0,NIITLTD
2021-01-28,187.0,191.4,185.65,190.0,210.7,54.0,NIITLTD
2021-01-27,193.3,193.9,188.2,188.9,210.7,54.0,NIITLTD
2021-01-25,189.0,199.5,183.15,193.05,210.7,54.0,NIITLTD
2021-01-22,192.65,193.5,187.0,188.75,210.7,54.0,NIITLTD
2021-01-21,197.0,197.95,192.65,193.55,210.7,54.0,NIITLTD
2021-01-20,197.35,198.8,194.55,196.25,210.7,54.0,NIITLTD
2021-01-19,198.8,200.75,196.5,196.95,210.7,54.0,NIITLTD
2021-01-18,200.15,203.6,197.1,197.75,210.7,54.0,NIITLTD
2021-01-15,203.0,203.45,198.55,199.7,210.7,54.0,NIITLTD
2021-01-14,203.55,205.45,202.1,202.3,210.7,54.0,NIITLTD
2021-01-13,206.25,206.25,202.0,203.45,210.7,54.0,NIITLTD
2021-01-12,204.85,206.5,203.7,204.4,210.7,54.0,NIITLTD
2021-01-11,207.4,208.35,204.15,204.85,210.7,54.0,NIITLTD
2021-01-08,204.0,208.5,203.25,206.15,210.7,54.0,NIITLTD
2021-01-07,207.0,208.35,202.7,203.2,210.7,54.0,NIITLTD
2021-01-06,203.25,210.7,202.5,205.25,210.7,54.0,NIITLTD
2021-01-05,203.0,205.0,202.0,203.1,210.0,54.0,NIITLTD
2021-01-04,202.95,205.9,200.25,204.75,210.0,54.0,NIITLTD
2021-01-01,202.3,204.75,201.0,202.0,210.0,54.0,NIITLTD
2020-12-31,199.9,204.4,198.9,202.25,210.0,54.0,NIITLTD
2020-12-30,204.9,205.0,198.7,200.65,210.0,54.0,NIITLTD
2020-12-29,208.0,208.85,202.05,203.45,210.0,54.0,NIITLTD
2020-12-28,209.1,210.0,204.2,207.3,210.0,54.0,NIITLTD
2020-12-24,195.15,205.0,195.1,200.45,205.0,54.0,NIITLTD
2020-12-23,194.1,196.8,190.1,193.8,197.55,54.0,NIITLTD
2020-12-22,184.0,185.0,175.7,183.75,197.55,54.0,NIITLTD
2020-12-21,178.1,182.55,165.7,173.55,197.55,54.0,NIITLTD
2020-12-18,180.0,186.65,176.25,180.7,197.55,54.0,NIITLTD
2020-12-17,176.95,178.9,175.0,176.1,197.55,54.0,NIITLTD
2020-12-16,178.95,180.5,174.1,175.7,197.55,54.0,NIITLTD
2020-12-15,181.4,181.8,177.2,178.05,197.55,54.0,NIITLTD
2020-12-14,181.0,184.45,179.5,180.05,197.55,54.0,NIITLTD
2020-12-11,182.95,184.9,180.0,181.85,197.55,54.0,NIITLTD
2020-12-10,175.6,185.8,172.65,182.2,197.55,54.0,NIITLTD
2020-12-09,170.95,181.0,170.7,178.7,197.55,54.0,NIITLTD
2020-12-08,174.3,175.3,169.1,169.9,197.55,54.0,NIITLTD
2020-12-07,170.0,182.25,169.95,174.2,197.55,54.0,NIITLTD
2020-12-04,170.0,175.85,168.15,170.25,197.55,54.0,NIITLTD
2020-12-03,173.0,175.6,167.15,168.85,197.55,54.0,NIITLTD
2020-12-02,172.7,176.4,170.5,172.15,197.55,54.0,NIITLTD
2020-12-01,177.9,178.2,170.5,171.4,197.55,54.0,NIITLTD
2020-11-27,176.95,181.4,175.25,176.6,197.55,54.0,NIITLTD
2020-11-26,176.45,181.9,170.25,176.1,197.55,54.0,NIITLTD
2020-11-25,183.45,183.9,173.0,175.2,197.55,54.0,NIITLTD
2020-11-24,189.1,192.3,181.05,182.1,197.55,54.0,NIITLTD
2020-11-23,175.2,197.55,168.1,190.5,197.55,54.0,NIITLTD
2020-11-20,166.7,177.95,165.65,174.9,177.95,54.0,NIITLTD
2020-11-19,159.45,172.0,155.0,168.35,172.0,54.0,NIITLTD
2020-11-18,161.8,164.9,155.65,160.45,164.9,54.0,NIITLTD
2020-11-17,151.05,161.8,145.35,159.9,161.8,54.0,NIITLTD
2020-11-14,152.0,153.4,149.25,150.45,157.8,54.0,NIITLTD
2020-11-13,138.6,157.8,137.8,150.45,157.8,54.0,NIITLTD
2020-11-12,131.5,139.0,131.5,137.75,147.9,54.0,NIITLTD
2020-11-11,131.3,134.25,130.25,131.5,147.9,54.0,NIITLTD
2020-11-10,133.75,135.45,130.75,132.3,147.9,54.0,NIITLTD
2020-11-09,135.0,135.35,132.1,133.1,147.9,54.0,NIITLTD
2020-11-06,134.2,135.25,132.5,132.9,147.9,54.0,NIITLTD
2020-11-05,135.45,135.45,132.75,132.95,147.9,54.0,NIITLTD
2020-11-04,133.2,134.9,131.85,132.85,147.9,54.0,NIITLTD
2020-11-03,138.0,138.75,131.1,132.35,147.9,54.0,NIITLTD
2020-11-02,137.15,141.7,136.3,137.85,147.9,54.0,NIITLTD
2020-10-30,135.4,143.95,130.6,139.9,147.9,54.0,NIITLTD
2020-10-29,139.0,139.0,132.25,134.35,147.9,54.0,NIITLTD
2020-10-28,143.45,143.5,137.65,140.35,147.9,54.0,NIITLTD
2020-10-27,137.1,145.65,136.0,142.35,147.9,54.0,NIITLTD
2020-10-26,138.3,139.9,133.4,137.7,147.9,54.0,NIITLTD
2020-10-23,139.4,139.65,135.55,137.4,147.9,54.0,NIITLTD
2020-10-22,131.85,138.95,130.9,137.3,147.9,54.0,NIITLTD
2020-10-21,134.5,135.3,129.25,130.95,147.9,54.0,NIITLTD
2020-10-20,132.5,134.0,131.2,133.6,147.9,54.0,NIITLTD
2020-10-19,134.2,134.8,129.9,133.5,147.9,54.0,NIITLTD
2020-10-16,130.15,133.5,129.05,133.1,147.9,54.0,NIITLTD
2020-10-15,134.25,135.0,129.5,129.7,147.9,54.0,NIITLTD
2020-10-14,134.2,136.7,130.25,134.95,147.9,54.0,NIITLTD
2020-10-13,130.0,135.75,129.7,133.2,147.9,54.0,NIITLTD
2020-10-12,131.5,131.5,127.0,129.75,147.9,54.0,NIITLTD
2020-10-09,137.4,137.4,131.15,131.7,147.9,54.0,NIITLTD
2020-10-08,135.2,142.0,134.35,135.7,147.9,54.0,NIITLTD
2020-10-07,137.1,139.0,133.1,133.75,147.9,54.0,NIITLTD
2020-10-06,138.0,138.6,135.0,136.0,147.9,54.0,NIITLTD
2020-10-05,132.95,142.4,132.95,137.15,147.9,54.0,NIITLTD
2020-10-01,134.85,135.5,131.05,131.75,147.9,54.0,NIITLTD
2020-09-30,133.45,136.5,131.4,133.15,147.9,54.0,NIITLTD
2020-09-29,130.9,134.45,129.65,132.2,147.9,54.0,NIITLTD
2020-09-28,129.0,133.0,127.35,130.35,147.9,54.0,NIITLTD
2020-09-25,132.0,133.0,125.1,127.65,147.9,54.0,NIITLTD
2020-09-24,134.9,135.7,128.3,129.35,147.9,54.0,NIITLTD
2020-09-23,136.0,139.5,132.95,137.35,147.9,54.0,NIITLTD
2020-09-22,132.6,136.85,121.8,134.7,147.9,54.0,NIITLTD
2020-09-21,138.3,142.75,128.0,130.6,147.9,54.0,NIITLTD
2020-09-18,140.0,144.3,136.05,137.05,147.9,54.0,NIITLTD
2020-09-17,135.3,143.9,135.0,138.2,147.9,54.0,NIITLTD
2020-09-16,142.3,142.3,135.6,138.45,147.9,54.0,NIITLTD
2020-09-15,144.8,145.65,140.0,141.05,147.9,54.0,NIITLTD
2020-09-14,136.1,147.9,136.0,144.05,147.9,54.0,NIITLTD
2020-09-11,124.95,133.85,122.2,131.5,141.4,54.0,NIITLTD
2020-09-10,123.6,125.2,121.5,122.65,141.4,54.0,NIITLTD
2020-09-09,123.7,124.45,117.25,121.7,141.4,54.0,NIITLTD
2020-09-08,121.0,129.4,119.75,125.45,141.4,54.0,NIITLTD
2020-09-07,124.4,125.7,119.85,121.05,141.4,54.0,NIITLTD
2020-09-04,123.55,126.2,120.55,122.65,141.4,54.0,NIITLTD
2020-09-03,123.0,131.5,122.7,127.75,141.4,54.0,NIITLTD
2020-09-02,119.4,125.0,117.55,122.4,141.4,54.0,NIITLTD
2020-09-01,122.25,123.0,115.05,118.75,141.4,54.0,NIITLTD
2020-08-31,128.9,129.65,115.15,118.8,141.4,54.0,NIITLTD
2020-08-28,134.2,135.6,126.6,127.7,141.4,54.0,NIITLTD
2020-08-27,136.5,137.7,132.7,133.8,141.4,54.0,NIITLTD
2020-08-26,137.5,141.4,132.0,136.1,141.4,54.0,NIITLTD
2020-08-25,130.8,137.4,124.3,136.25,140.0,54.0,NIITLTD
2020-08-24,127.0,140.0,123.35,129.85,140.0,54.0,NIITLTD
2020-08-21,109.9,128.4,108.0,126.0,128.4,54.0,NIITLTD
2020-08-20,100.05,111.9,100.05,108.5,114.8,54.0,NIITLTD
2020-08-19,101.65,102.4,99.05,99.65,114.8,54.0,NIITLTD
2020-08-18,98.45,100.5,98.45,99.65,114.8,54.0,NIITLTD
2020-08-17,103.5,104.6,97.75,98.35,114.8,54.0,NIITLTD
2020-08-14,97.95,103.4,96.0,101.85,114.8,54.0,NIITLTD
2020-08-13,96.85,100.75,96.6,97.85,114.8,54.0,NIITLTD
2020-08-12,94.9,97.5,94.5,96.6,114.8,54.0,NIITLTD
2020-08-11,97.5,98.4,95.0,95.45,114.8,54.0,NIITLTD
2020-08-10,99.0,99.8,96.65,97.05,114.8,54.0,NIITLTD
2020-08-07,99.8,101.3,98.25,99.1,114.8,54.0,NIITLTD
2020-08-06,99.9,102.0,97.0,99.5,114.8,54.0,NIITLTD
2020-08-05,94.1,97.85,93.15,96.5,114.8,54.0,NIITLTD
2020-08-04,94.85,94.85,93.1,93.4,114.8,54.0,NIITLTD
2020-08-03,96.75,97.35,93.2,93.45,114.8,54.0,NIITLTD
2020-07-31,94.85,99.35,93.15,96.75,114.8,54.0,NIITLTD
2020-07-30,95.8,95.8,93.6,94.55,114.8,54.0,NIITLTD
2020-07-29,93.0,102.0,92.0,95.15,114.8,54.0,NIITLTD
2020-07-28,93.1,95.25,92.1,93.15,114.8,54.0,NIITLTD
2020-07-27,94.3,95.0,93.1,93.8,114.8,54.0,NIITLTD
2020-07-24,94.5,96.5,93.25,94.9,114.8,54.0,NIITLTD
2020-07-23,93.7,95.4,93.2,94.65,114.8,54.0,NIITLTD
2020-07-22,95.0,95.0,92.8,93.15,114.8,54.0,NIITLTD
2020-07-21,93.95,95.15,93.0,94.45,114.8,54.0,NIITLTD
2020-07-20,94.35,95.65,93.0,93.6,114.8,54.0,NIITLTD
2020-07-17,97.1,97.2,94.4,94.75,114.8,54.0,NIITLTD
2020-07-16,99.5,101.0,96.05,97.1,114.8,54.0,NIITLTD
2020-07-15,97.1,102.4,95.5,97.3,114.8,54.0,NIITLTD
2020-07-14,94.5,97.0,93.0,96.0,114.8,54.0,NIITLTD
2020-07-13,94.2,95.35,94.0,94.45,114.8,54.0,NIITLTD
2020-07-10,94.25,94.75,92.75,94.25,114.8,54.0,NIITLTD
2020-07-09,94.0,95.6,93.2,94.4,114.8,54.0,NIITLTD
2020-07-08,94.85,94.85,92.0,94.25,114.8,54.0,NIITLTD
2020-07-07,91.75,96.1,91.25,94.75,114.8,54.0,NIITLTD
2020-07-06,91.55,92.7,90.7,91.75,114.8,54.0,NIITLTD
2020-07-03,91.1,92.5,91.0,91.45,114.8,54.0,NIITLTD
2020-07-02,93.4,93.4,90.65,90.95,114.8,54.0,NIITLTD
2020-07-01,94.7,95.15,92.0,92.35,114.8,54.0,NIITLTD
2020-06-30,94.5,95.45,94.05,94.5,114.8,54.0,NIITLTD
2020-06-29,94.65,95.85,93.5,94.25,114.8,54.0,NIITLTD
2020-06-26,95.0,97.1,94.1,94.5,114.8,54.0,NIITLTD
2020-06-25,94.5,94.85,93.6,94.5,114.8,54.0,NIITLTD
2020-06-24,94.95,96.6,93.8,94.65,114.8,54.0,NIITLTD
2020-06-23,93.0,96.3,92.6,94.1,114.8,54.0,NIITLTD
2020-06-22,92.7,93.6,91.15,93.0,114.8,54.0,NIITLTD
2020-06-19,91.5,93.5,91.5,92.7,114.8,54.0,NIITLTD
2020-06-18,91.4,93.45,90.65,92.0,114.8,54.0,NIITLTD
2020-06-17,90.65,92.1,90.6,91.0,114.8,54.0,NIITLTD
2020-06-16,91.55,91.7,90.15,90.7,114.8,54.0,NIITLTD
2020-06-15,91.0,91.75,89.6,90.5,114.8,54.0,NIITLTD
2020-06-12,88.0,91.2,88.0,90.55,114.8,54.0,NIITLTD
2020-06-11,90.65,91.8,89.0,90.7,114.8,54.0,NIITLTD
2020-06-10,90.5,92.6,89.7,90.65,114.8,54.0,NIITLTD
2020-06-09,91.0,94.4,89.55,90.45,114.8,54.0,NIITLTD
2020-06-08,91.65,91.9,89.6,90.65,114.8,54.0,NIITLTD
2020-06-05,87.05,91.9,86.7,90.4,114.8,54.0,NIITLTD
2020-06-04,92.8,94.0,86.6,88.6,114.8,54.0,NIITLTD
2020-06-03,92.7,93.9,90.6,91.95,114.8,54.0,NIITLTD
2020-06-02,92.9,94.7,90.65,91.8,114.8,54.0,NIITLTD
2020-06-01,90.25,95.5,89.5,92.5,114.8,54.0,NIITLTD
2020-05-29,88.8,90.55,87.3,89.3,114.8,54.0,NIITLTD
2020-05-28,89.5,91.95,88.0,88.85,114.8,54.0,NIITLTD
2020-05-27,85.6,89.45,85.05,88.95,114.8,54.0,NIITLTD
2020-05-26,86.5,86.7,84.75,85.3,114.8,54.0,NIITLTD
2020-05-22,85.7,88.4,85.2,86.1,114.8,54.0,NIITLTD
2020-05-21,85.7,86.4,85.15,85.4,114.8,54.0,NIITLTD
2020-05-20,86.9,87.45,84.6,85.2,114.8,54.0,NIITLTD
2020-05-19,86.6,90.8,85.5,86.35,114.8,54.0,NIITLTD
2020-05-18,85.0,87.9,82.0,86.6,114.8,54.0,NIITLTD
2020-05-15,85.6,86.6,83.85,84.35,114.8,54.0,NIITLTD
2020-05-14,86.2,87.2,85.0,85.25,114.8,54.0,NIITLTD
2020-05-13,88.9,88.95,85.95,86.8,114.8,54.0,NIITLTD
2020-05-12,83.95,87.85,83.05,86.5,114.8,54.0,NIITLTD
2020-05-11,84.35,85.4,83.4,84.05,114.8,54.0,NIITLTD
2020-05-08,86.3,87.0,83.4,83.7,114.8,54.0,NIITLTD
2020-05-07,86.55,88.65,85.7,86.25,114.8,54.0,NIITLTD
2020-05-06,84.4,87.35,84.2,85.7,114.8,54.0,NIITLTD
2020-05-05,87.0,87.6,82.75,84.2,114.8,54.0,NIITLTD
2020-05-04,83.8,84.5,81.65,82.45,114.8,54.0,NIITLTD
2020-04-30,88.9,92.0,84.5,85.25,114.8,54.0,NIITLTD
2020-04-29,85.4,91.75,84.1,88.4,114.8,54.0,NIITLTD
2020-04-28,85.0,86.5,82.35,85.2,114.8,54.0,NIITLTD
2020-04-27,82.15,86.5,82.1,84.4,114.8,54.0,NIITLTD
2020-04-24,84.7,85.2,81.3,81.85,114.8,54.0,NIITLTD
2020-04-23,86.3,88.45,84.35,86.25,114.8,54.0,NIITLTD
2020-04-22,80.2,89.65,80.2,86.4,114.8,54.0,NIITLTD
2020-04-21,81.1,81.9,80.15,80.6,114.8,54.0,NIITLTD
2020-04-20,82.65,86.25,81.75,83.35,114.8,54.0,NIITLTD
2020-04-17,84.05,84.55,82.1,82.55,116.7,54.0,NIITLTD
2020-04-16,84.0,86.0,82.0,82.45,116.7,54.0,NIITLTD
2020-04-15,80.1,84.3,80.1,80.95,116.7,54.0,NIITLTD
2020-04-13,83.5,83.5,77.05,79.75,116.7,54.0,NIITLTD
2020-04-09,84.85,84.85,81.5,82.35,116.85,54.0,NIITLTD
2020-04-08,79.0,86.5,78.25,81.35,116.85,54.0,NIITLTD
2020-04-07,76.2,83.0,76.0,81.2,116.85,54.0,NIITLTD
2020-04-03,79.0,79.9,73.0,75.1,116.85,54.0,NIITLTD
2020-04-01,81.4,81.55,77.6,78.55,116.85,54.0,NIITLTD
2020-03-31,84.9,88.75,81.15,82.2,116.85,54.0,NIITLTD
2020-03-30,77.55,93.3,72.5,80.05,116.85,54.0,NIITLTD
2020-03-27,72.0,83.65,71.7,79.5,116.85,54.0,NIITLTD
2020-03-26,69.9,74.0,68.25,71.2,116.85,54.0,NIITLTD
2020-03-25,65.7,71.75,54.8,68.5,116.85,54.0,NIITLTD
2020-03-24,60.7,70.0,60.7,65.65,116.85,54.0,NIITLTD
2020-03-23,61.9,63.9,54.0,58.4,116.85,54.0,NIITLTD
2020-03-20,67.05,70.8,65.5,67.4,116.85,62.0,NIITLTD
2020-03-19,68.0,70.05,62.0,68.2,116.85,62.0,NIITLTD
2020-03-18,78.7,78.8,69.5,70.65,116.85,66.35,NIITLTD
2020-03-17,76.15,83.75,75.0,76.55,116.85,66.35,NIITLTD
2020-03-16,78.7,79.6,74.0,77.5,116.85,66.35,NIITLTD
2020-03-13,78.8,81.0,66.35,79.4,116.85,66.35,NIITLTD
2020-03-12,85.0,88.0,80.8,82.9,116.85,74.0,NIITLTD
2020-03-11,87.2,90.7,87.2,89.1,116.85,74.0,NIITLTD
2020-03-09,88.05,90.0,85.2,87.2,116.85,74.0,NIITLTD
2020-03-06,87.5,92.9,87.0,89.95,116.85,74.0,NIITLTD
2020-03-05,88.85,91.75,87.25,91.0,116.85,74.0,NIITLTD
2020-03-04,91.1,91.85,85.75,86.8,116.85,74.0,NIITLTD
2020-03-03,91.0,92.35,89.7,91.75,116.85,74.0,NIITLTD
2020-03-02,91.9,94.0,89.0,90.8,116.85,74.0,NIITLTD
2020-02-28,103.85,103.85,98.1,99.35,116.85,74.0,NIITLTD
2020-02-27,106.3,107.7,104.05,105.85,116.85,74.0,NIITLTD
2020-02-26,107.1,108.75,104.2,104.85,116.85,74.0,NIITLTD
2020-02-25,109.2,110.15,107.1,107.65,116.85,74.0,NIITLTD
2020-02-24,110.0,111.65,108.15,109.4,116.85,74.0,NIITLTD
2020-02-20,113.5,114.8,110.4,110.9,116.85,74.0,NIITLTD
2020-02-19,106.3,113.8,106.3,113.2,116.85,74.0,NIITLTD
2020-02-18,106.2,108.7,104.4,106.75,116.85,74.0,NIITLTD
2020-02-17,103.6,108.2,100.8,107.25,116.85,74.0,NIITLTD
2020-02-14,98.0,104.8,98.0,103.2,116.85,74.0,NIITLTD
2020-02-13,97.0,98.75,96.65,97.6,116.85,74.0,NIITLTD
2020-02-12,96.35,97.95,95.9,96.55,116.85,74.0,NIITLTD
2020-02-11,97.3,98.15,95.25,95.85,116.85,74.0,NIITLTD
2020-02-10,97.5,98.75,96.55,96.95,116.85,74.0,NIITLTD
2020-02-07,97.7,99.0,96.8,97.8,116.85,74.0,NIITLTD
2020-02-06,101.95,103.25,96.5,97.3,116.85,74.0,NIITLTD
2020-02-05,99.95,105.2,97.75,101.4,116.85,74.0,NIITLTD
2020-02-04,98.8,101.9,98.4,99.65,116.85,74.0,NIITLTD
2020-02-03,94.3,101.85,93.05,99.05,116.85,74.0,NIITLTD
2020-02-01,97.75,102.9,94.7,95.45,116.85,74.0,NIITLTD
2020-01-31,98.15,99.6,97.05,98.2,116.85,74.0,NIITLTD
2020-01-30,100.55,100.55,98.15,98.6,116.85,74.0,NIITLTD
2020-01-29,100.6,101.5,100.15,100.5,116.85,74.0,NIITLTD
2020-01-28,101.05,102.25,99.9,100.1,116.85,74.0,NIITLTD
2020-01-27,101.05,103.05,100.2,101.05,116.85,74.0,NIITLTD
2020-01-24,103.1,104.4,102.1,102.65,116.85,74.0,NIITLTD
2020-01-23,99.2,104.7,99.15,103.4,116.85,74.0,NIITLTD
2020-01-22,99.7,101.7,98.65,99.05,116.85,74.0,NIITLTD
2020-01-21,101.0,102.65,98.3,99.1,116.85,74.0,NIITLTD
2020-01-20,104.45,104.6,100.5,101.1,116.85,74.0,NIITLTD
2020-01-17,103.0,108.5,102.45,103.75,116.85,74.0,NIITLTD
2020-01-16,102.8,104.5,102.4,103.15,116.85,74.0,NIITLTD
2020-01-15,103.0,104.3,101.8,102.9,116.85,74.0,NIITLTD
2020-01-14,102.1,103.5,100.65,102.8,116.85,74.0,NIITLTD
2020-01-13,103.9,103.9,101.85,102.2,116.85,74.0,NIITLTD
2020-01-10,103.5,104.7,101.5,102.5,116.85,74.0,NIITLTD
2020-01-09,104.3,112.5,101.35,102.15,116.85,74.0,NIITLTD
2020-01-08,91.8,98.8,91.8,97.65,116.85,74.0,NIITLTD
2020-01-07,92.95,93.75,92.8,93.35,116.85,74.0,NIITLTD
2020-01-06,93.6,93.75,91.1,92.45,116.85,74.0,NIITLTD
2020-01-03,94.0,94.85,93.6,93.85,116.85,74.0,NIITLTD
2020-01-02,93.9,95.5,93.6,93.95,116.85,74.0,NIITLTD
2020-01-01,93.75,94.45,93.4,93.85,116.85,74.0,NIITLTD
2019-12-31,93.1,95.25,92.5,93.75,116.85,74.0,NIITLTD
2019-12-30,95.0,95.0,92.5,93.1,116.85,74.0,NIITLTD
2019-12-27,94.35,94.65,93.1,93.6,116.85,74.0,NIITLTD
2019-12-26,94.9,95.0,93.4,93.7,116.85,74.0,NIITLTD
2019-12-24,93.1,95.4,93.1,94.55,116.85,74.0,NIITLTD
2019-12-23,96.05,96.85,93.15,93.8,116.85,74.0,NIITLTD
2019-12-20,96.1,97.15,95.4,96.05,116.85,74.0,NIITLTD
2019-12-19,98.05,98.85,95.85,96.2,116.85,74.0,NIITLTD
2019-12-18,99.9,100.0,98.55,98.85,116.85,74.0,NIITLTD
2019-12-17,99.4,103.8,97.5,100.8,116.85,74.0,NIITLTD
2019-12-16,103.95,104.2,93.0,98.5,116.85,74.0,NIITLTD
2019-12-13,105.5,106.0,104.5,105.6,116.85,74.0,NIITLTD
2019-12-12,104.0,105.95,103.1,105.65,116.85,74.0,NIITLTD
2019-12-11,101.3,105.15,100.25,104.5,116.85,74.0,NIITLTD
2019-12-10,101.75,102.8,99.1,101.5,116.85,74.0,NIITLTD
2019-12-09,104.9,104.9,101.6,102.25,116.85,74.0,NIITLTD
2019-12-06,104.7,105.3,103.4,104.25,116.85,74.0,NIITLTD
2019-12-05,104.35,106.3,103.65,104.9,116.85,74.0,NIITLTD
2019-12-04,106.5,107.65,104.5,105.95,116.85,74.0,NIITLTD
2019-12-03,107.0,107.95,106.3,106.9,116.85,74.0,NIITLTD
2019-12-02,106.0,108.45,106.0,106.85,116.85,74.0,NIITLTD
2019-11-29,106.0,106.65,105.0,105.95,116.85,74.0,NIITLTD
2019-11-28,106.05,108.0,105.25,105.65,116.85,74.0,NIITLTD
2019-11-27,108.8,109.2,105.1,106.45,116.85,74.0,NIITLTD
2019-11-26,104.95,109.8,104.35,108.8,116.85,74.0,NIITLTD
2019-11-25,103.45,104.95,103.0,104.4,116.85,74.0,NIITLTD
2019-11-22,103.15,103.5,102.35,102.95,116.85,74.0,NIITLTD
2019-11-21,101.5,103.2,100.5,102.7,116.85,74.0,NIITLTD
2019-11-20,102.1,102.45,100.25,100.85,116.85,74.0,NIITLTD
2019-11-19,103.1,104.4,101.3,102.1,116.85,74.0,NIITLTD
2019-11-18,103.0,104.5,102.1,104.0,116.85,74.0,NIITLTD
2019-11-15,102.3,103.25,101.35,102.5,116.85,73.85,NIITLTD
2019-11-14,103.0,103.75,100.6,102.55,116.85,73.85,NIITLTD
2019-11-13,101.7,103.9,101.7,103.15,116.85,73.85,NIITLTD
2019-11-11,100.0,101.8,99.0,101.0,116.85,73.85,NIITLTD
2019-11-08,100.0,102.0,100.0,100.4,116.85,72.5,NIITLTD
2019-11-07,97.05,101.35,97.0,100.45,116.85,72.5,NIITLTD
2019-11-06,97.2,98.45,97.0,97.9,116.85,72.5,NIITLTD
2019-11-05,97.95,98.5,96.75,97.45,116.85,72.5,NIITLTD
2019-11-04,96.4,98.85,96.05,97.65,116.85,72.5,NIITLTD
2019-11-01,98.0,98.95,95.55,96.4,116.85,70.25,NIITLTD
2019-10-31,96.5,99.8,96.1,98.25,116.85,70.25,NIITLTD
2019-10-30,94.05,97.9,94.05,96.5,116.85,70.25,NIITLTD
2019-10-29,92.0,95.0,91.95,94.65,116.85,70.25,NIITLTD
2019-10-27,93.45,94.15,92.0,92.5,116.85,70.05,NIITLTD
2019-10-25,90.8,94.4,90.25,93.4,116.85,70.05,NIITLTD
2019-10-24,86.9,93.0,85.5,89.95,116.85,70.05,NIITLTD
2019-10-23,85.1,87.75,84.7,86.1,116.85,70.05,NIITLTD
2019-10-22,82.05,85.5,81.5,84.7,116.85,70.05,NIITLTD
2019-10-18,78.7,84.8,76.65,83.5,116.85,68.2,NIITLTD
2019-10-17,76.0,81.8,74.0,78.05,116.85,68.2,NIITLTD
2019-10-16,85.95,87.8,84.2,87.0,116.85,68.2,NIITLTD
2019-10-15,87.8,88.7,83.2,85.0,116.85,68.2,NIITLTD
2019-10-14,90.7,91.0,86.0,86.95,116.85,68.2,NIITLTD
2019-10-11,90.85,91.1,89.1,89.8,116.85,60.6,NIITLTD
2019-10-10,90.45,91.0,90.3,90.6,116.85,60.6,NIITLTD
2019-10-09,91.25,92.55,90.05,90.4,116.85,60.6,NIITLTD
2019-10-07,92.2,92.55,90.0,90.15,116.85,60.6,NIITLTD
2019-10-04,90.0,91.25,89.6,90.7,116.85,60.6,NIITLTD
2019-10-03,90.05,91.45,89.55,89.8,116.85,60.6,NIITLTD
2019-10-01,91.1,91.45,89.75,90.45,116.85,60.6,NIITLTD
2019-09-30,90.95,91.6,89.5,91.35,116.85,60.6,NIITLTD
2019-09-27,89.5,90.95,89.5,90.6,116.85,60.6,NIITLTD
2019-09-26,89.5,90.95,88.9,89.15,116.85,60.6,NIITLTD
2019-09-25,90.3,91.4,89.1,89.55,116.85,60.6,NIITLTD
2019-09-24,91.75,92.95,89.0,90.45,116.85,60.6,NIITLTD
2019-09-23,95.95,96.45,91.5,91.7,116.85,60.6,NIITLTD
2019-09-20,88.45,95.5,88.45,94.5,116.85,60.6,NIITLTD
2019-09-19,88.9,88.9,87.1,88.05,116.85,60.6,NIITLTD
2019-09-18,90.65,91.05,83.45,88.2,116.85,60.6,NIITLTD
2019-09-17,91.95,92.4,90.35,90.65,116.85,60.6,NIITLTD
2019-09-16,92.25,93.95,91.6,91.95,116.85,60.6,NIITLTD
2019-09-13,93.95,94.6,92.4,92.7,116.85,60.6,NIITLTD
2019-09-12,95.6,97.0,93.55,93.75,116.85,60.6,NIITLTD
2019-09-11,93.35,95.95,93.35,95.45,116.85,60.6,NIITLTD
2019-09-09,93.9,94.75,91.65,93.65,116.85,60.6,NIITLTD
2019-09-06,93.8,94.5,92.9,94.15,116.85,60.6,NIITLTD
2019-09-05,93.9,94.5,93.3,94.05,116.85,60.6,NIITLTD
2019-09-04,91.4,92.8,90.65,92.55,116.85,60.6,NIITLTD
2019-09-03,90.75,91.8,90.2,90.95,116.85,60.6,NIITLTD
2019-08-30,91.25,92.0,89.7,91.7,116.85,60.6,NIITLTD
2019-08-29,92.7,92.7,90.9,91.1,116.85,60.6,NIITLTD
2019-08-28,91.75,92.9,91.0,92.1,116.85,60.6,NIITLTD
2019-08-27,90.4,92.0,89.7,91.6,116.85,60.6,NIITLTD
2019-08-26,90.1,90.7,88.4,90.0,116.85,60.6,NIITLTD
2019-08-23,87.45,89.0,84.4,88.2,116.85,60.6,NIITLTD
2019-08-22,90.6,90.95,86.9,87.6,116.85,60.6,NIITLTD
2019-08-21,93.0,93.0,91.0,91.35,116.85,60.6,NIITLTD
2019-08-20,94.25,94.25,92.35,92.85,116.85,60.6,NIITLTD
2019-08-19,93.6,95.0,93.0,93.85,116.85,60.6,NIITLTD
2019-08-16,95.9,96.75,90.0,93.35,116.85,60.6,NIITLTD
2019-08-14,97.2,97.3,95.6,95.9,116.85,60.6,NIITLTD
2019-08-13,100.0,100.8,95.6,96.7,116.85,60.6,NIITLTD
2019-08-09,95.5,98.7,95.5,97.95,116.85,60.6,NIITLTD
2019-08-08,96.9,97.3,95.1,95.9,116.85,60.6,NIITLTD
2019-08-07,98.0,99.3,96.25,96.7,116.85,60.6,NIITLTD
2019-08-06,93.0,99.45,93.0,98.85,116.85,60.6,NIITLTD
2019-08-05,94.9,94.9,91.0,94.15,116.85,60.6,NIITLTD
2019-08-02,89.6,90.65,86.2,89.4,116.85,60.6,NIITLTD
2019-08-01,89.55,90.75,88.0,90.55,116.85,60.6,NIITLTD
2019-07-31,91.25,91.3,87.65,90.5,116.85,60.6,NIITLTD
2019-07-30,95.0,95.0,91.25,91.65,116.85,60.6,NIITLTD
2019-07-29,101.9,103.0,99.0,100.25,116.85,60.6,NIITLTD
2019-07-26,98.45,102.0,97.4,101.3,116.85,60.6,NIITLTD
2019-07-25,97.05,98.95,96.5,98.45,116.85,60.6,NIITLTD
2019-07-24,97.85,97.95,96.75,97.3,116.85,60.6,NIITLTD
2019-07-23,95.15,99.0,95.1,97.85,116.85,60.6,NIITLTD
2019-07-22,96.25,97.55,94.4,95.3,116.85,60.6,NIITLTD
2019-07-19,99.3,99.5,97.35,97.6,116.85,60.6,NIITLTD
2019-07-18,99.2,100.35,98.75,99.4,116.85,60.6,NIITLTD
2019-07-17,100.4,100.55,99.15,100.05,116.85,60.6,NIITLTD
2019-07-16,99.4,100.5,98.25,99.85,116.85,60.6,NIITLTD
2019-07-15,99.6,100.35,98.0,99.0,116.85,60.6,NIITLTD
2019-07-12,98.25,101.4,98.05,99.75,116.85,60.6,NIITLTD
2019-07-11,97.0,98.8,96.15,98.25,116.85,60.6,NIITLTD
2019-07-10,99.4,100.0,96.2,96.8,116.85,60.6,NIITLTD
2019-07-09,100.4,101.8,99.4,99.9,116.85,60.6,NIITLTD
2019-07-08,101.0,102.8,100.2,100.45,116.85,60.6,NIITLTD
2019-07-05,104.3,105.0,99.0,101.75,116.85,60.6,NIITLTD
2019-07-04,104.9,105.5,104.1,104.4,116.85,60.6,NIITLTD
2019-07-03,104.65,106.6,103.9,104.45,116.85,60.6,NIITLTD
2019-07-02,103.2,105.2,102.4,104.65,116.85,60.6,NIITLTD
2019-07-01,102.8,104.1,102.3,103.25,116.85,60.6,NIITLTD
2019-06-28,104.25,104.35,102.45,103.05,116.85,60.6,NIITLTD
2019-06-27,103.65,106.2,103.1,104.35,116.85,60.6,NIITLTD
2019-06-26,103.4,104.25,102.5,102.8,116.85,60.6,NIITLTD
2019-06-25,103.4,104.35,102.4,103.4,116.85,60.6,NIITLTD
2019-06-24,104.1,105.5,103.2,103.4,116.85,60.6,NIITLTD
2019-06-21,103.5,104.65,103.1,104.1,116.85,60.6,NIITLTD
2019-06-20,104.9,106.0,102.55,103.45,116.85,60.6,NIITLTD
2019-06-19,105.0,107.7,103.1,104.6,116.85,60.6,NIITLTD
2019-06-18,105.0,106.0,103.75,104.5,116.85,60.6,NIITLTD
2019-06-17,103.65,106.25,103.65,104.9,116.85,60.6,NIITLTD
2019-06-14,105.05,106.0,104.0,104.85,116.85,60.6,NIITLTD
2019-06-13,104.5,106.75,104.05,105.85,116.85,60.6,NIITLTD
2019-06-12,105.8,107.4,104.65,104.95,116.85,60.6,NIITLTD
2019-06-11,104.4,107.0,103.4,106.4,116.85,60.6,NIITLTD
2019-06-10,107.1,107.8,103.55,103.75,116.85,60.6,NIITLTD
2019-06-07,104.2,107.85,103.95,106.75,116.85,60.6,NIITLTD
2019-06-06,103.95,105.35,103.1,104.6,116.85,60.6,NIITLTD
2019-06-04,104.75,106.85,103.55,103.95,116.85,60.6,NIITLTD
2019-06-03,104.7,106.65,103.5,104.65,116.85,60.6,NIITLTD
2019-05-31,107.3,108.95,104.1,105.55,116.85,60.6,NIITLTD
2019-05-30,108.3,109.85,106.4,106.95,116.85,60.6,NIITLTD
2019-05-29,107.9,110.35,107.0,108.65,116.85,60.6,NIITLTD
2019-05-28,101.2,108.0,101.2,107.3,116.85,60.6,NIITLTD
2019-05-27,103.5,103.8,97.5,100.8,116.85,60.6,NIITLTD
2019-05-24,100.2,103.4,99.5,102.2,116.85,60.6,NIITLTD
2019-05-23,100.6,102.85,99.0,99.95,116.85,60.6,NIITLTD
2019-05-22,101.5,102.2,100.25,100.5,116.85,60.6,NIITLTD
2019-05-21,102.55,103.8,100.95,101.6,116.85,60.6,NIITLTD
2019-05-20,105.0,105.0,102.2,102.9,116.85,60.6,NIITLTD
2019-05-17,102.85,104.2,100.4,100.85,116.85,60.6,NIITLTD
2019-05-16,103.7,106.9,102.0,102.85,116.85,60.6,NIITLTD
2019-05-15,103.4,105.0,102.5,103.95,116.85,60.6,NIITLTD
2019-05-14,99.6,103.7,98.65,102.6,116.85,60.6,NIITLTD
2019-05-13,100.2,101.15,99.5,100.0,116.85,60.6,NIITLTD
2019-05-10,101.0,102.4,100.05,100.4,116.85,60.6,NIITLTD
2019-05-09,100.85,103.65,100.0,100.35,116.85,60.6,NIITLTD
2019-05-08,99.5,102.7,98.85,100.4,116.85,60.6,NIITLTD
2019-05-07,103.75,104.7,99.3,100.1,116.85,60.6,NIITLTD
2019-05-06,105.7,105.7,103.25,103.6,116.85,60.6,NIITLTD
2019-05-03,105.0,106.2,104.1,104.85,117.55,60.6,NIITLTD
2019-05-02,105.55,107.4,103.45,104.9,117.55,60.6,NIITLTD
2019-04-30,110.65,110.65,105.1,105.55,117.55,60.6,NIITLTD
2019-04-26,112.0,112.5,108.1,110.5,124.8,60.6,NIITLTD
2019-04-25,112.3,112.55,109.3,110.25,124.8,60.6,NIITLTD
2019-04-24,106.05,112.5,104.35,111.7,124.8,60.6,NIITLTD
2019-04-23,106.05,107.3,104.1,106.1,124.8,60.6,NIITLTD
2019-04-22,104.6,108.0,102.5,105.2,124.8,60.6,NIITLTD
2019-04-18,108.95,108.95,103.0,104.6,124.8,60.6,NIITLTD
2019-04-16,112.0,112.9,108.6,108.95,124.8,60.6,NIITLTD
2019-04-15,115.8,116.7,111.2,111.95,124.8,60.6,NIITLTD
2019-04-12,113.1,116.85,112.95,114.7,124.8,60.6,NIITLTD
2019-04-11,111.9,114.7,110.55,112.5,124.8,60.6,NIITLTD
2019-04-10,111.0,116.0,110.4,112.0,124.8,60.6,NIITLTD
2019-04-09,113.85,116.5,106.8,112.65,124.8,60.6,NIITLTD
2019-04-08,106.0,114.15,102.3,113.9,124.8,60.6,NIITLTD
2019-04-05,89.05,96.3,88.85,95.15,124.8,60.6,NIITLTD
2019-04-04,90.1,90.35,87.2,88.5,124.8,60.6,NIITLTD
2019-04-03,91.25,91.55,89.2,89.65,124.8,60.6,NIITLTD
2019-04-02,89.85,91.5,89.2,90.3,124.8,60.6,NIITLTD
2019-04-01,90.6,91.95,89.0,89.35,124.8,60.6,NIITLTD
2019-03-29,90.45,91.6,89.9,90.4,124.8,60.6,NIITLTD
2019-03-28,92.2,92.4,89.0,89.7,124.8,60.6,NIITLTD
2019-03-27,90.3,92.45,89.3,91.5,124.8,60.6,NIITLTD
2019-03-26,89.6,90.3,88.9,89.7,124.8,60.6,NIITLTD
2019-03-25,88.5,90.8,88.25,89.4,124.8,60.6,NIITLTD
2019-03-22,91.15,91.4,89.35,90.05,124.8,60.6,NIITLTD
2019-03-20,91.0,92.0,90.25,91.05,124.8,60.6,NIITLTD
2019-03-19,90.0,91.4,89.1,90.45,124.8,60.6,NIITLTD
2019-03-18,90.1,90.9,88.35,89.4,124.8,60.6,NIITLTD
2019-03-15,92.1,92.75,87.45,88.95,124.8,60.6,NIITLTD
2019-03-14,93.35,94.2,91.7,92.0,124.8,60.6,NIITLTD
2019-03-13,92.0,94.8,90.5,92.8,124.8,60.6,NIITLTD
2019-03-12,93.0,95.25,91.75,91.95,124.8,60.6,NIITLTD
2019-03-11,92.25,94.4,91.25,91.6,124.8,60.6,NIITLTD
2019-03-08,92.95,92.95,89.2,89.95,124.8,60.6,NIITLTD
2019-03-07,90.0,94.25,89.2,90.9,124.8,60.6,NIITLTD
2019-03-06,84.6,90.4,83.95,89.3,124.8,60.6,NIITLTD
2019-03-05,80.5,85.9,80.45,84.35,124.8,60.6,NIITLTD
2019-03-01,80.95,82.4,80.0,80.45,124.8,60.6,NIITLTD
2019-02-28,81.95,81.95,80.05,80.25,124.8,60.6,NIITLTD
2019-02-27,81.55,82.8,80.0,81.35,124.8,60.6,NIITLTD
2019-02-26,80.7,81.95,79.3,81.1,124.8,60.6,NIITLTD
2019-02-25,82.0,82.8,81.4,81.95,124.8,60.6,NIITLTD
2019-02-22,82.2,83.1,81.25,81.55,124.8,60.6,NIITLTD
2019-02-21,79.1,84.65,78.65,82.4,124.8,60.6,NIITLTD
2019-02-20,81.15,81.25,78.3,79.15,124.8,60.6,NIITLTD
2019-02-19,81.6,82.2,80.3,80.65,124.8,60.6,NIITLTD
2019-02-18,82.15,84.25,80.45,81.45,124.8,60.6,NIITLTD
2019-02-15,82.35,83.5,81.15,81.85,124.8,60.6,NIITLTD
2019-02-14,83.8,83.8,81.7,82.0,124.8,60.6,NIITLTD
2019-02-13,83.95,85.0,80.15,83.05,124.8,60.6,NIITLTD
2019-02-12,85.5,86.2,82.25,82.85,124.8,60.6,NIITLTD
2019-02-11,87.5,87.7,84.55,85.05,124.8,60.6,NIITLTD
2019-02-08,91.45,91.45,87.1,87.7,124.8,60.6,NIITLTD
2019-02-07,88.85,92.6,88.0,91.9,124.8,60.6,NIITLTD
2019-02-06,87.85,91.0,85.6,89.3,124.8,60.6,NIITLTD
2019-02-05,90.0,90.4,87.5,87.95,124.8,60.6,NIITLTD
2019-02-04,86.45,91.7,84.65,90.45,124.8,60.6,NIITLTD
2019-02-01,83.1,87.75,83.1,85.85,124.8,60.6,NIITLTD
2019-01-31,83.9,84.4,82.55,83.15,124.8,60.6,NIITLTD
2019-01-30,83.35,84.7,83.0,83.9,124.8,60.6,NIITLTD
2019-01-29,82.25,84.6,80.7,82.65,124.8,60.6,NIITLTD
2019-01-28,84.0,84.0,79.7,82.25,124.8,60.6,NIITLTD
2019-01-25,86.5,88.65,82.6,84.2,124.8,60.6,NIITLTD
2019-01-24,93.35,93.8,85.9,86.3,124.8,60.6,NIITLTD
