DATE,OPEN,HIGH,LOW,LTP,CLOSE,52W H,52W L,SYMBOL
2021-08-03,964.0,974.35,955.0,960.0,958.65,1165.0,365.0,POLYMED
2021-08-02,980.1,990.45,955.25,970.0,969.5,1165.0,365.0,POLYMED
2021-07-30,983.05,1003.0,977.0,982.95,981.6,1165.0,365.0,POLYMED
2021-07-29,1018.65,1044.0,982.55,994.0,994.3,1165.0,365.0,POLYMED
2021-07-28,1008.0,1018.7,977.05,1012.0,1013.55,1165.0,365.0,POLYMED
2021-07-27,1026.0,1050.0,979.0,993.25,1002.6,1165.0,365.0,POLYMED
2021-07-26,1011.0,1094.25,1002.2,1018.95,1016.25,1165.0,365.0,POLYMED
2021-07-23,987.0,1016.1,981.2,1001.5,1003.95,1165.0,365.0,POLYMED
2021-07-22,970.0,984.15,961.0,979.55,980.95,1165.0,365.0,POLYMED
2021-07-20,973.0,980.0,936.1,972.0,966.9,1165.0,365.0,POLYMED
2021-07-19,958.75,978.0,956.05,967.0,973.55,1165.0,365.0,POLYMED
2021-07-16,982.5,984.5,965.25,970.0,969.15,1165.0,350.0,POLYMED
2021-07-15,993.45,993.45,965.4,977.0,978.8,1165.0,350.0,POLYMED
2021-07-14,984.65,994.6,977.45,987.5,984.95,1165.0,350.0,POLYMED
2021-07-13,984.0,995.0,974.1,978.0,981.15,1165.0,350.0,POLYMED
2021-07-12,995.0,997.75,981.3,986.5,987.45,1165.0,350.0,POLYMED
2021-07-09,968.5,995.0,966.0,988.4,987.7,1165.0,301.0,POLYMED
2021-07-08,974.0,977.2,960.0,965.0,963.65,1165.0,301.0,POLYMED
2021-07-07,983.0,999.65,961.9,971.0,971.1,1165.0,301.0,POLYMED
2021-07-06,980.0,986.0,971.0,977.5,975.8,1165.0,301.0,POLYMED
2021-07-05,1004.3,1004.45,975.5,981.0,986.0,1165.0,301.0,POLYMED
2021-07-02,1012.0,1015.9,990.0,996.8,1002.45,1165.0,285.3,POLYMED
2021-07-01,1021.0,1025.25,1002.0,1010.0,1015.05,1165.0,285.3,POLYMED
2021-06-30,1015.65,1024.0,996.0,1022.2,1016.55,1165.0,285.3,POLYMED
2021-06-29,1009.95,1020.0,985.7,1016.05,1004.35,1165.0,285.3,POLYMED
2021-06-28,998.65,1010.0,977.05,1003.0,1005.85,1165.0,285.3,POLYMED
2021-06-25,961.0,994.75,953.6,992.85,989.05,1165.0,285.3,POLYMED
2021-06-24,965.0,968.35,925.05,951.0,960.15,1165.0,285.3,POLYMED
2021-06-23,971.8,973.9,951.0,961.0,957.6,1165.0,285.3,POLYMED
2021-06-22,927.95,972.0,910.7,968.0,961.4,1165.0,285.3,POLYMED
2021-06-21,900.0,923.5,880.0,916.0,910.25,1165.0,285.3,POLYMED
2021-06-18,907.8,915.0,872.4,900.0,899.7,1165.0,276.95,POLYMED
2021-06-17,940.0,954.05,876.55,908.0,891.4,1165.0,276.95,POLYMED
2021-06-16,949.0,965.25,936.0,939.0,943.55,1165.0,276.95,POLYMED
2021-06-15,944.0,979.95,940.0,940.15,945.65,1165.0,276.95,POLYMED
2021-06-14,965.0,965.0,921.1,953.85,950.95,1165.0,276.95,POLYMED
2021-06-11,970.0,976.0,956.1,968.0,966.0,1165.0,270.95,POLYMED
2021-06-10,975.0,984.4,958.0,970.0,968.75,1165.0,270.95,POLYMED
2021-06-09,996.5,1002.9,965.4,983.85,977.05,1165.0,270.95,POLYMED
2021-06-08,1019.95,1022.55,990.0,995.1,995.95,1165.0,270.95,POLYMED
2021-06-07,1008.05,1019.95,1004.25,1007.2,1015.45,1165.0,270.95,POLYMED
2021-06-04,1016.35,1021.9,1000.0,1002.0,1000.85,1165.0,270.95,POLYMED
2021-06-03,1008.9,1018.05,1003.1,1012.1,1009.4,1165.0,270.95,POLYMED
2021-06-02,1009.95,1019.05,1000.0,1004.0,1004.1,1165.0,270.95,POLYMED
2021-06-01,1026.0,1033.45,1004.8,1013.95,1009.95,1165.0,270.95,POLYMED
2021-05-31,1044.0,1053.25,1011.0,1022.0,1018.15,1165.0,270.95,POLYMED
2021-05-28,1072.0,1075.0,1025.0,1039.85,1033.75,1165.0,259.6,POLYMED
2021-05-27,1019.0,1095.0,1000.0,1079.9,1064.4,1165.0,259.6,POLYMED
2021-05-26,1055.95,1055.95,1002.0,1007.0,1011.95,1165.0,259.6,POLYMED
2021-05-25,1050.0,1096.0,1010.2,1050.0,1046.25,1165.0,259.6,POLYMED
2021-05-24,1148.3,1165.0,1031.0,1069.6,1051.0,1165.0,259.6,POLYMED
2021-05-21,1080.0,1144.7,1071.0,1135.0,1133.15,1144.7,245.7,POLYMED
2021-05-20,1015.55,1089.8,1014.1,1070.0,1069.9,1089.8,245.7,POLYMED
2021-05-19,1019.75,1030.0,1010.0,1010.0,1015.55,1085.15,245.7,POLYMED
2021-05-18,1011.8,1035.0,1009.0,1012.5,1013.5,1085.15,245.7,POLYMED
2021-05-17,1004.2,1013.0,995.9,1007.0,1001.95,1085.15,245.7,POLYMED
2021-05-14,1009.05,1019.0,990.0,998.0,1004.2,1085.15,216.6,POLYMED
2021-05-12,1013.9,1024.7,990.0,1011.0,1009.05,1085.15,216.6,POLYMED
2021-05-11,1042.45,1069.35,1008.0,1015.0,1012.9,1085.15,216.6,POLYMED
2021-05-10,1005.0,1064.0,998.9,1041.0,1042.45,1085.15,216.6,POLYMED
2021-05-07,1014.9,1022.95,985.15,994.5,994.8,1085.15,207.0,POLYMED
2021-05-06,980.75,1024.9,980.75,1012.0,1018.75,1085.15,207.0,POLYMED
2021-05-05,1009.3,1009.3,950.0,979.0,975.85,1085.15,207.0,POLYMED
2021-05-04,999.8,1021.55,995.0,1001.9,1000.1,1085.15,207.0,POLYMED
2021-05-03,994.95,1034.0,979.15,998.8,994.05,1085.15,207.0,POLYMED
2021-04-30,1013.0,1028.0,975.05,991.0,992.75,1085.15,207.0,POLYMED
2021-04-29,1026.0,1035.0,992.15,1007.0,1013.05,1085.15,207.0,POLYMED
2021-04-28,1063.0,1063.0,1010.0,1027.0,1018.6,1085.15,207.0,POLYMED
2021-04-27,1014.0,1075.45,1001.0,1053.0,1058.05,1085.15,207.0,POLYMED
2021-04-26,1037.0,1050.0,999.6,1017.0,1017.0,1085.15,207.0,POLYMED
2021-04-23,1049.95,1085.15,999.0,1018.0,1024.1,1085.15,207.0,POLYMED
2021-04-22,895.5,1044.7,883.2,1023.0,993.65,1044.7,207.0,POLYMED
2021-04-20,888.0,903.9,882.1,897.0,892.45,959.4,207.0,POLYMED
2021-04-19,884.2,944.7,873.05,880.0,883.05,959.4,207.0,POLYMED
2021-04-16,860.5,885.4,858.05,871.0,875.0,959.4,207.0,POLYMED
2021-04-15,838.9,874.4,815.55,859.9,862.55,959.4,207.0,POLYMED
2021-04-13,851.7,871.6,835.0,838.0,840.5,959.4,207.0,POLYMED
2021-04-12,869.9,878.9,820.0,852.35,845.75,959.4,207.0,POLYMED
2021-04-09,873.9,896.5,870.0,875.25,876.4,959.4,207.0,POLYMED
2021-04-08,905.9,905.9,864.1,873.0,878.2,959.4,207.0,POLYMED
2021-04-07,889.9,919.0,885.95,906.15,899.25,959.4,207.0,POLYMED
2021-04-06,903.9,959.4,863.3,879.9,884.8,959.4,207.0,POLYMED
2021-04-05,835.0,917.0,830.05,905.0,898.9,917.5,207.0,POLYMED
2021-04-01,823.2,845.0,815.0,845.0,837.2,917.5,207.0,POLYMED
2021-03-31,818.45,827.5,810.0,820.0,822.35,917.5,207.0,POLYMED
2021-03-30,815.45,824.5,800.25,813.5,818.45,917.5,207.0,POLYMED
2021-03-26,835.0,839.9,807.0,810.0,812.9,917.5,200.0,POLYMED
2021-03-25,798.0,833.95,775.0,824.0,820.4,917.5,200.0,POLYMED
2021-03-24,815.0,825.5,792.85,795.0,801.0,917.5,200.0,POLYMED
2021-03-23,811.0,836.7,805.0,817.0,821.0,917.5,200.0,POLYMED
2021-03-22,818.3,830.0,793.05,814.0,804.8,917.5,200.0,POLYMED
2021-03-19,826.95,837.0,790.15,818.75,815.45,917.5,200.0,POLYMED
2021-03-18,792.0,853.0,765.55,831.9,829.85,917.5,200.0,POLYMED
2021-03-17,843.9,844.8,781.0,789.0,791.55,917.5,200.0,POLYMED
2021-03-16,880.0,917.5,836.2,840.0,846.65,917.5,200.0,POLYMED
2021-03-15,839.9,906.9,809.9,885.0,877.6,906.9,200.0,POLYMED
2021-03-12,791.95,844.7,775.0,840.0,834.3,844.7,200.0,POLYMED
2021-03-10,759.0,800.0,755.0,784.5,789.6,804.2,200.0,POLYMED
2021-03-09,725.0,804.2,725.0,756.0,756.9,804.2,200.0,POLYMED
2021-03-08,718.9,732.0,702.0,729.5,726.95,749.75,200.0,POLYMED
2021-03-05,715.9,717.0,706.95,716.4,714.55,749.75,200.0,POLYMED
2021-03-04,712.9,722.0,688.4,716.0,716.3,749.75,200.0,POLYMED
2021-03-03,711.0,723.9,706.55,715.0,713.05,749.75,200.0,POLYMED
2021-03-02,721.8,727.1,693.5,715.2,714.8,749.75,200.0,POLYMED
2021-03-01,705.3,725.0,704.55,718.2,717.45,749.75,200.0,POLYMED
2021-02-26,701.0,732.85,699.0,699.65,704.05,749.75,200.0,POLYMED
2021-02-25,719.0,726.6,676.6,719.0,714.45,749.75,200.0,POLYMED
2021-02-24,748.0,748.0,706.0,715.0,716.55,749.75,200.0,POLYMED
2021-02-23,712.35,749.75,702.05,746.0,737.5,749.75,200.0,POLYMED
2021-02-22,672.85,714.7,672.85,691.55,698.05,714.7,200.0,POLYMED
2021-02-19,650.0,689.7,650.0,663.15,659.65,689.7,200.0,POLYMED
2021-02-18,654.6,660.0,641.15,650.1,650.3,665.8,200.0,POLYMED
2021-02-17,629.9,665.8,612.0,651.0,651.65,665.8,200.0,POLYMED
2021-02-16,615.95,636.0,603.5,631.1,630.5,645.4,200.0,POLYMED
2021-02-15,597.0,645.4,591.0,626.0,621.8,645.4,200.0,POLYMED
2021-02-12,584.0,597.0,567.5,593.0,591.65,597.0,200.0,POLYMED
2021-02-11,562.0,584.4,556.2,580.0,580.0,584.7,200.0,POLYMED
2021-02-10,557.9,567.0,550.2,561.5,563.25,584.7,200.0,POLYMED
2021-02-09,560.0,575.0,551.4,552.5,553.85,584.7,200.0,POLYMED
2021-02-08,564.95,584.7,545.0,546.0,551.1,584.7,200.0,POLYMED
2021-02-05,520.5,570.0,515.3,566.3,553.75,570.0,200.0,POLYMED
2021-02-04,510.0,522.0,507.05,521.05,520.3,558.8,200.0,POLYMED
2021-02-03,510.0,516.45,505.25,507.5,506.65,558.8,200.0,POLYMED
2021-02-02,518.0,525.0,505.0,505.0,507.8,558.8,200.0,POLYMED
2021-02-01,506.55,522.4,487.8,517.0,518.55,558.8,200.0,POLYMED
2021-01-29,511.55,514.95,505.0,506.95,506.55,558.8,200.0,POLYMED
2021-01-28,510.0,515.8,505.3,509.5,508.35,558.8,200.0,POLYMED
2021-01-27,522.85,526.0,506.4,515.0,515.25,558.8,200.0,POLYMED
2021-01-25,514.1,528.0,505.3,520.55,522.85,558.8,200.0,POLYMED
2021-01-22,522.0,529.0,508.05,509.0,510.6,558.8,200.0,POLYMED
2021-01-21,522.0,526.0,510.3,513.2,514.0,558.8,200.0,POLYMED
2021-01-20,527.0,529.3,518.0,520.0,522.05,558.8,200.0,POLYMED
2021-01-19,513.9,528.7,512.0,528.1,525.0,558.8,200.0,POLYMED
2021-01-18,520.8,525.5,485.0,509.95,509.45,558.8,200.0,POLYMED
2021-01-15,543.0,554.4,515.0,520.25,520.8,558.8,200.0,POLYMED
2021-01-14,509.95,543.85,504.4,543.0,535.9,558.8,200.0,POLYMED
2021-01-13,516.9,516.9,503.25,511.45,507.7,558.8,200.0,POLYMED
2021-01-12,507.0,519.0,507.0,515.0,514.85,558.8,200.0,POLYMED
2021-01-11,514.9,518.6,507.0,509.0,509.7,558.8,200.0,POLYMED
2021-01-08,524.2,528.0,510.95,514.85,512.4,558.8,200.0,POLYMED
2021-01-07,514.5,526.7,512.65,523.5,521.7,558.8,200.0,POLYMED
2021-01-06,519.4,527.6,505.85,511.6,512.05,558.8,200.0,POLYMED
2021-01-05,509.0,521.0,505.2,515.05,517.3,558.8,200.0,POLYMED
2021-01-04,514.2,517.0,506.6,509.9,509.4,558.8,200.0,POLYMED
2021-01-01,506.0,513.85,498.5,512.0,509.35,558.8,200.0,POLYMED
2020-12-31,514.0,515.6,501.3,502.35,506.2,558.8,200.0,POLYMED
2020-12-30,512.65,523.0,510.3,512.0,512.1,558.8,200.0,POLYMED
2020-12-29,523.6,529.0,514.0,520.6,523.0,558.8,200.0,POLYMED
2020-12-28,517.95,527.5,516.0,525.0,521.1,558.8,200.0,POLYMED
2020-12-24,520.6,521.65,511.55,515.5,515.75,558.8,200.0,POLYMED
2020-12-23,505.5,525.05,505.15,517.0,517.35,558.8,200.0,POLYMED
2020-12-22,514.9,514.9,480.0,506.1,503.15,558.8,200.0,POLYMED
2020-12-21,506.0,518.35,449.25,505.0,509.15,558.8,200.0,POLYMED
2020-12-18,518.15,518.25,502.1,505.0,506.7,558.8,200.0,POLYMED
2020-12-17,520.85,525.0,510.25,514.0,517.45,558.8,200.0,POLYMED
2020-12-16,525.5,529.7,514.05,516.8,517.05,558.8,200.0,POLYMED
2020-12-15,535.0,538.7,523.05,529.7,525.5,558.8,200.0,POLYMED
2020-12-14,535.85,542.0,530.45,531.9,532.65,558.8,200.0,POLYMED
2020-12-11,545.5,558.8,530.0,534.0,532.65,558.8,193.6,POLYMED
2020-12-10,523.9,541.0,513.15,538.0,536.25,542.75,193.6,POLYMED
2020-12-09,515.0,533.8,511.2,525.0,523.85,542.75,193.6,POLYMED
2020-12-08,516.9,523.55,495.0,503.6,500.4,542.75,193.6,POLYMED
2020-12-07,496.7,525.0,495.0,515.4,513.5,542.75,193.6,POLYMED
2020-12-04,489.0,498.0,485.25,493.3,495.0,542.75,193.6,POLYMED
2020-12-03,491.0,499.0,482.0,483.2,484.4,542.75,193.6,POLYMED
2020-12-02,495.0,495.5,484.0,488.0,490.95,542.75,193.6,POLYMED
2020-12-01,491.95,496.0,486.2,488.55,489.75,542.75,193.6,POLYMED
2020-11-27,487.6,495.4,482.15,488.1,489.6,542.75,193.6,POLYMED
2020-11-26,485.9,490.5,481.0,485.0,486.15,542.75,193.6,POLYMED
2020-11-25,499.55,499.55,482.0,486.0,484.0,542.75,193.6,POLYMED
2020-11-24,495.7,505.45,493.0,497.0,497.5,542.75,193.6,POLYMED
2020-11-23,489.45,495.0,486.0,493.0,491.65,542.75,193.6,POLYMED
2020-11-20,486.7,492.2,484.0,487.1,490.1,542.75,193.6,POLYMED
2020-11-19,477.95,489.2,475.2,487.0,484.35,542.75,193.6,POLYMED
2020-11-18,486.0,488.95,475.05,480.9,477.9,542.75,193.6,POLYMED
2020-11-17,495.6,495.6,481.0,484.95,483.85,542.75,193.6,POLYMED
2020-11-14,484.5,487.0,479.0,485.05,485.45,542.75,193.6,POLYMED
2020-11-13,481.0,486.9,475.1,475.1,479.0,542.75,193.6,POLYMED
2020-11-12,480.0,487.8,478.25,485.0,484.9,542.75,193.6,POLYMED
2020-11-11,481.4,486.5,473.0,483.95,480.05,542.75,193.6,POLYMED
2020-11-10,498.2,498.2,476.5,480.85,479.35,542.75,193.6,POLYMED
2020-11-09,497.0,503.0,490.0,495.0,493.4,542.75,193.6,POLYMED
2020-11-06,487.15,498.0,484.2,489.9,491.75,542.75,193.6,POLYMED
2020-11-05,491.55,497.5,482.15,482.9,485.1,542.75,193.6,POLYMED
2020-11-04,503.0,508.95,481.7,487.0,491.5,542.75,193.6,POLYMED
2020-11-03,475.95,505.0,471.0,500.95,497.8,542.75,193.6,POLYMED
2020-11-02,482.2,484.25,471.0,473.0,474.6,542.75,193.6,POLYMED
2020-10-30,482.7,491.05,480.0,482.0,481.35,542.75,193.6,POLYMED
2020-10-29,475.0,493.0,473.25,483.15,482.55,542.75,193.6,POLYMED
2020-10-28,492.0,494.0,482.15,484.15,484.7,542.75,193.6,POLYMED
2020-10-27,492.0,502.0,483.1,491.0,494.0,542.75,193.6,POLYMED
2020-10-26,499.0,499.95,477.9,490.0,489.65,542.75,193.6,POLYMED
2020-10-23,487.05,499.55,484.5,493.7,493.3,542.75,190.6,POLYMED
2020-10-22,500.0,501.9,477.0,485.1,484.6,542.75,190.6,POLYMED
2020-10-21,500.0,509.9,490.1,499.5,496.9,542.75,190.6,POLYMED
2020-10-20,506.85,514.9,494.0,503.0,502.4,542.75,190.6,POLYMED
2020-10-19,514.9,542.75,491.0,501.0,504.3,542.75,190.6,POLYMED
2020-10-16,479.0,538.0,478.85,510.0,512.55,538.0,190.6,POLYMED
2020-10-15,482.0,495.0,476.0,485.0,485.9,519.3,190.6,POLYMED
2020-10-14,482.9,487.0,473.65,484.8,482.3,519.3,190.6,POLYMED
2020-10-13,483.0,484.8,477.0,480.0,480.65,519.3,190.6,POLYMED
2020-10-12,473.15,487.8,468.0,483.0,482.65,519.3,190.6,POLYMED
2020-10-09,471.15,480.7,468.2,475.0,475.55,519.3,190.6,POLYMED
2020-10-08,482.0,482.0,468.0,475.05,475.1,519.3,190.6,POLYMED
2020-10-07,500.4,508.8,475.55,477.0,478.45,519.3,190.6,POLYMED
2020-10-06,467.85,500.0,463.5,498.0,495.6,519.3,190.6,POLYMED
2020-10-05,470.35,470.4,458.85,468.9,465.5,519.3,190.6,POLYMED
2020-10-01,461.05,469.35,457.55,468.0,466.95,519.3,190.6,POLYMED
2020-09-30,463.6,465.0,454.5,461.7,458.55,519.3,190.6,POLYMED
2020-09-29,460.0,472.0,460.0,468.5,463.25,519.3,190.6,POLYMED
2020-09-28,452.0,464.8,452.0,460.0,458.1,519.3,190.6,POLYMED
2020-09-25,457.0,469.6,450.7,451.2,454.2,519.3,190.6,POLYMED
2020-09-24,455.0,457.0,443.0,455.0,451.75,519.3,190.6,POLYMED
2020-09-23,478.85,484.0,445.45,458.5,461.2,519.3,190.6,POLYMED
2020-09-22,491.65,501.0,444.0,474.0,473.35,519.3,190.6,POLYMED
2020-09-21,498.0,507.45,480.0,486.0,488.0,519.3,190.6,POLYMED
2020-09-18,489.0,510.0,488.0,495.0,495.4,519.3,190.6,POLYMED
2020-09-17,492.4,499.0,481.1,487.0,485.2,519.3,190.6,POLYMED
2020-09-16,502.0,519.3,480.0,490.4,491.65,519.3,190.6,POLYMED
2020-09-15,489.95,512.8,488.45,500.9,498.2,512.8,190.6,POLYMED
2020-09-14,481.95,499.3,476.1,485.3,487.2,499.3,190.6,POLYMED
2020-09-11,475.3,485.9,468.0,473.0,476.75,497.7,190.6,POLYMED
2020-09-10,482.25,491.75,467.0,468.9,473.7,497.7,190.6,POLYMED
2020-09-09,445.0,482.4,432.4,476.2,473.25,497.7,190.6,POLYMED
2020-09-08,437.0,460.45,436.0,450.0,449.7,497.7,190.6,POLYMED
2020-09-07,449.7,455.7,430.0,432.95,434.3,497.7,190.6,POLYMED
2020-09-04,460.0,481.0,439.2,453.55,446.95,497.7,185.5,POLYMED
2020-09-03,438.7,497.7,430.05,470.05,472.95,497.7,185.5,POLYMED
2020-09-02,402.95,438.0,398.0,435.0,434.45,456.2,185.5,POLYMED
2020-09-01,397.45,412.7,382.45,402.0,400.9,456.2,185.5,POLYMED
2020-08-31,426.4,429.65,365.0,400.95,400.85,456.2,185.5,POLYMED
2020-08-28,430.5,435.0,422.9,423.0,424.4,456.2,180.1,POLYMED
2020-08-27,431.8,445.0,428.0,430.5,430.7,456.2,180.1,POLYMED
2020-08-26,435.0,435.9,427.35,431.0,429.7,456.2,180.1,POLYMED
2020-08-25,429.5,437.0,425.0,434.65,431.85,456.2,180.1,POLYMED
2020-08-24,433.85,440.0,421.2,424.0,425.9,456.2,180.1,POLYMED
2020-08-21,432.0,437.95,421.1,433.5,430.35,456.2,170.5,POLYMED
2020-08-20,438.8,456.2,425.0,428.0,427.7,456.2,170.5,POLYMED
2020-08-19,404.1,445.0,404.1,441.0,439.5,447.4,170.5,POLYMED
2020-08-18,394.75,408.0,394.0,404.0,402.15,447.4,170.5,POLYMED
2020-08-17,401.35,404.9,392.0,394.75,394.2,447.4,170.5,POLYMED
2020-08-14,403.0,411.7,394.6,397.95,397.7,447.4,170.5,POLYMED
2020-08-13,402.5,412.8,397.5,402.4,401.45,447.4,170.5,POLYMED
2020-08-12,409.1,414.4,404.0,406.0,405.25,447.4,170.5,POLYMED
2020-08-11,430.4,433.0,406.1,413.8,413.0,447.4,170.5,POLYMED
2020-08-10,410.75,447.4,407.1,428.0,430.4,447.4,170.5,POLYMED
2020-08-07,414.85,415.5,403.0,405.9,407.8,432.15,167.0,POLYMED
2020-08-06,407.95,417.25,406.1,412.5,411.45,432.15,167.0,POLYMED
2020-08-05,411.5,414.2,403.0,406.95,406.7,432.15,167.0,POLYMED
2020-08-04,415.2,419.15,405.15,410.0,407.95,432.15,167.0,POLYMED
2020-08-03,385.5,421.0,383.1,410.1,412.55,432.15,167.0,POLYMED
2020-07-31,397.0,402.1,380.0,388.0,390.2,432.15,167.0,POLYMED
2020-07-30,405.4,422.0,391.0,393.45,394.05,432.15,167.0,POLYMED
2020-07-29,410.5,418.0,400.0,402.5,402.2,432.15,167.0,POLYMED
2020-07-28,406.3,417.0,403.0,408.6,408.7,432.15,167.0,POLYMED
2020-07-27,378.05,432.15,374.5,402.0,402.2,432.15,167.0,POLYMED
2020-07-24,383.5,388.45,374.4,378.0,376.15,409.0,167.0,POLYMED
2020-07-23,383.45,396.05,378.9,387.05,385.05,409.0,167.0,POLYMED
2020-07-22,374.7,386.45,368.0,379.95,380.4,409.0,167.0,POLYMED
2020-07-21,388.9,392.9,370.05,372.0,371.95,409.0,167.0,POLYMED
2020-07-20,388.45,398.2,385.0,387.15,387.2,409.0,167.0,POLYMED
2020-07-17,379.0,388.8,373.2,385.5,385.1,409.0,167.0,POLYMED
2020-07-16,370.05,384.0,366.0,377.9,378.55,409.0,167.0,POLYMED
2020-07-15,381.0,409.0,365.0,369.25,371.85,409.0,167.0,POLYMED
2020-07-14,368.8,390.8,356.0,382.2,384.55,390.8,167.0,POLYMED
2020-07-13,352.0,384.0,350.0,367.0,368.7,384.0,167.0,POLYMED
2020-07-10,304.1,365.5,304.1,341.0,348.7,365.5,167.0,POLYMED
2020-07-09,311.0,316.95,308.0,309.9,310.25,349.0,167.0,POLYMED
2020-07-08,306.0,315.0,304.0,311.0,311.3,349.0,167.0,POLYMED
2020-07-07,308.6,311.15,301.0,305.5,304.85,349.0,167.0,POLYMED
2020-07-06,310.6,311.8,306.0,307.0,307.05,349.0,167.0,POLYMED
2020-07-03,295.0,313.6,295.0,307.0,307.55,349.0,167.0,POLYMED
2020-07-02,297.0,301.55,293.0,295.4,295.6,349.0,167.0,POLYMED
2020-07-01,296.0,299.0,290.0,295.7,295.5,349.0,167.0,POLYMED
2020-06-30,294.0,298.0,285.3,297.0,294.4,349.0,167.0,POLYMED
2020-06-29,301.0,302.7,288.2,292.85,291.6,349.0,167.0,POLYMED
2020-06-26,309.8,309.8,300.0,303.0,301.75,349.0,167.0,POLYMED
2020-06-25,298.95,309.0,295.05,306.7,305.2,349.0,167.0,POLYMED
2020-06-24,309.0,315.5,297.0,300.0,300.0,349.0,167.0,POLYMED
2020-06-23,299.8,324.0,298.1,307.0,307.45,349.0,167.0,POLYMED
2020-06-22,297.3,306.35,293.0,297.45,297.05,349.0,167.0,POLYMED
2020-06-19,307.8,307.8,295.65,296.5,297.3,349.0,167.0,POLYMED
2020-06-18,302.0,314.85,292.75,297.95,299.3,349.0,167.0,POLYMED
2020-06-17,281.0,310.0,281.0,302.95,300.25,349.0,167.0,POLYMED
2020-06-16,300.0,300.0,276.95,285.0,286.65,349.0,167.0,POLYMED
2020-06-15,294.3,298.8,290.0,294.85,295.1,349.0,167.0,POLYMED
2020-06-12,276.1,295.0,273.8,290.05,290.8,349.0,165.1,POLYMED
2020-06-11,293.15,293.95,282.0,291.0,289.6,349.0,165.1,POLYMED
2020-06-10,280.0,295.4,271.35,293.15,292.5,349.0,165.1,POLYMED
2020-06-09,287.95,287.95,270.95,280.0,279.15,349.0,165.1,POLYMED
2020-06-08,296.0,296.05,282.0,285.0,285.15,349.0,165.1,POLYMED
2020-06-05,299.6,309.9,275.6,288.0,289.8,349.0,165.1,POLYMED
2020-06-04,299.7,299.7,290.2,296.25,296.4,349.0,165.1,POLYMED
2020-06-03,314.4,314.4,291.25,294.0,295.3,349.0,165.1,POLYMED
2020-06-02,313.95,320.0,307.0,310.0,310.25,349.0,165.1,POLYMED
2020-06-01,295.9,317.3,292.5,309.6,310.35,349.0,165.1,POLYMED
2020-05-29,287.0,295.35,285.3,291.7,292.3,349.0,165.1,POLYMED
2020-05-28,300.35,301.1,286.5,288.0,289.5,349.0,165.1,POLYMED
2020-05-27,290.5,303.2,286.25,298.0,297.65,349.0,165.1,POLYMED
2020-05-26,259.6,292.2,259.6,284.9,285.25,349.0,165.1,POLYMED
2020-05-22,260.85,263.55,252.3,259.0,258.3,349.0,165.1,POLYMED
2020-05-21,263.7,265.75,258.0,260.0,261.1,349.0,165.1,POLYMED
2020-05-20,263.7,266.0,255.2,263.8,261.1,349.0,165.1,POLYMED
2020-05-19,273.7,274.05,260.0,264.0,262.5,349.0,165.1,POLYMED
2020-05-18,279.45,285.0,245.7,266.0,268.85,349.0,165.1,POLYMED
2020-05-15,264.0,286.7,251.0,279.0,277.7,349.0,165.1,POLYMED
2020-05-14,270.9,275.9,260.65,263.3,262.8,349.0,165.1,POLYMED
2020-05-13,252.9,281.9,247.0,275.7,276.9,349.0,165.1,POLYMED
2020-05-12,234.7,247.65,228.95,244.9,243.8,349.0,165.1,POLYMED
2020-05-11,216.6,245.0,216.6,235.2,233.55,349.0,165.1,POLYMED
2020-05-08,217.0,219.5,210.7,214.7,215.5,349.0,165.1,POLYMED
2020-05-07,210.9,217.4,208.25,213.85,213.25,349.0,165.1,POLYMED
2020-05-06,208.6,215.0,207.0,210.0,209.95,349.0,165.1,POLYMED
2020-05-05,219.45,224.9,207.0,208.5,208.65,349.0,165.1,POLYMED
2020-05-04,225.0,225.0,214.6,220.1,218.35,349.0,165.1,POLYMED
2020-04-30,230.0,232.65,225.65,227.95,227.0,349.0,165.1,POLYMED
2020-04-29,229.95,230.0,222.65,226.35,228.1,349.0,165.1,POLYMED
2020-04-28,232.25,232.9,221.75,225.0,225.45,349.0,165.1,POLYMED
2020-04-27,221.8,233.0,215.05,228.0,230.1,349.0,165.1,POLYMED
2020-04-24,221.95,222.7,213.35,215.0,214.9,349.0,165.1,POLYMED
2020-04-23,228.25,228.25,219.1,220.0,222.7,349.0,165.1,POLYMED
2020-04-22,234.0,234.0,222.9,224.95,224.85,349.0,165.1,POLYMED
2020-04-21,238.0,241.55,229.0,233.0,231.65,349.0,165.1,POLYMED
2020-04-20,247.9,250.0,236.6,238.95,238.7,349.0,165.1,POLYMED
2020-04-17,249.25,254.8,240.0,244.0,244.0,349.0,165.1,POLYMED
2020-04-16,245.5,250.0,240.8,246.0,246.35,349.0,165.1,POLYMED
2020-04-15,258.0,261.85,237.0,240.05,240.15,349.0,165.1,POLYMED
2020-04-13,253.6,260.35,251.6,254.6,255.85,349.0,165.1,POLYMED
2020-04-09,253.0,264.0,245.9,249.7,252.9,349.0,165.1,POLYMED
2020-04-08,249.95,260.0,235.05,244.95,241.8,349.0,165.1,POLYMED
2020-04-07,244.95,254.2,237.65,239.1,242.35,349.0,165.1,POLYMED
2020-04-03,226.55,245.0,207.0,236.0,237.0,349.0,165.1,POLYMED
2020-04-01,236.45,248.4,225.0,230.0,230.85,349.0,165.1,POLYMED
2020-03-31,236.95,246.0,227.75,229.0,233.05,349.0,165.1,POLYMED
2020-03-30,238.3,243.9,221.1,221.4,223.8,349.0,165.1,POLYMED
2020-03-27,248.1,248.1,231.0,235.8,235.6,349.0,165.1,POLYMED
2020-03-26,235.0,249.9,232.25,235.9,234.35,349.0,165.1,POLYMED
2020-03-25,205.0,243.1,204.0,230.0,232.55,349.0,165.1,POLYMED
2020-03-24,218.1,240.0,200.0,204.9,202.85,349.0,165.1,POLYMED
2020-03-23,227.1,233.65,212.25,212.25,217.05,349.0,165.1,POLYMED
2020-03-20,228.05,245.0,228.0,240.0,239.1,349.0,165.1,POLYMED
2020-03-19,249.0,249.0,220.0,228.0,227.0,349.0,165.1,POLYMED
2020-03-18,251.75,252.8,238.1,249.85,245.9,349.0,165.1,POLYMED
2020-03-17,264.9,280.0,240.0,245.65,244.45,349.0,165.1,POLYMED
2020-03-16,272.0,272.25,247.95,259.85,256.4,349.0,165.1,POLYMED
2020-03-13,242.5,292.0,227.15,268.9,271.25,349.0,165.1,POLYMED
2020-03-12,280.0,285.15,255.7,271.0,269.45,349.0,165.1,POLYMED
2020-03-11,294.0,301.0,286.4,292.0,292.55,349.0,165.1,POLYMED
2020-03-09,305.0,305.0,270.2,280.1,284.3,349.0,165.1,POLYMED
2020-03-06,283.0,315.0,283.0,307.7,307.25,349.0,165.1,POLYMED
2020-03-05,303.7,311.0,294.0,305.0,306.0,349.0,165.1,POLYMED
2020-03-04,288.35,313.0,282.0,295.05,298.55,349.0,165.1,POLYMED
2020-03-03,293.0,298.8,273.4,288.5,293.65,349.0,165.1,POLYMED
2020-03-02,300.15,313.55,286.0,290.0,290.8,349.0,165.1,POLYMED
2020-02-28,290.0,312.0,276.0,296.05,297.3,349.0,165.1,POLYMED
2020-02-27,316.7,316.7,292.2,295.55,299.8,349.0,165.1,POLYMED
2020-02-26,320.5,337.85,307.0,311.0,314.2,349.0,165.1,POLYMED
2020-02-25,331.1,349.0,322.1,329.8,326.25,349.0,165.1,POLYMED
2020-02-24,318.45,339.0,317.0,327.05,327.15,339.0,165.1,POLYMED
2020-02-20,303.8,330.0,297.65,320.0,320.4,335.0,165.1,POLYMED
2020-02-19,295.8,303.75,292.5,299.65,300.0,335.0,165.1,POLYMED
2020-02-18,292.05,299.0,287.5,295.0,294.0,335.0,165.1,POLYMED
2020-02-17,299.0,304.8,290.0,290.5,291.2,335.0,165.1,POLYMED
2020-02-14,302.5,305.35,295.8,304.0,298.55,335.0,165.1,POLYMED
2020-02-13,304.95,305.0,295.1,298.5,299.75,335.0,165.1,POLYMED
2020-02-12,303.95,316.8,293.65,300.0,300.9,335.0,165.1,POLYMED
2020-02-11,316.55,326.0,300.1,302.0,303.95,335.0,165.1,POLYMED
2020-02-10,327.9,328.0,310.2,314.35,316.55,335.0,165.1,POLYMED
2020-02-07,305.1,335.0,302.7,323.4,323.35,335.0,165.1,POLYMED
2020-02-06,328.75,328.75,300.0,302.8,302.65,331.5,165.1,POLYMED
2020-02-05,289.45,331.5,288.15,319.0,321.25,331.5,165.1,POLYMED
2020-02-04,281.0,295.0,281.0,288.1,289.6,312.3,165.1,POLYMED
2020-02-03,269.9,291.2,257.3,285.0,280.9,312.3,165.1,POLYMED
2020-02-01,277.4,290.0,264.05,272.6,269.25,312.3,165.1,POLYMED
2020-01-31,285.5,293.4,267.0,274.2,272.4,312.3,165.1,POLYMED
2020-01-30,293.9,294.8,280.0,285.0,285.05,312.3,165.1,POLYMED
2020-01-29,261.9,312.3,257.3,290.7,293.15,312.3,165.1,POLYMED
2020-01-28,267.65,267.65,260.0,260.0,260.25,270.0,165.1,POLYMED
2020-01-27,261.1,270.0,261.0,262.0,262.65,270.0,165.1,POLYMED
2020-01-24,265.95,269.0,260.0,267.0,267.0,269.0,165.1,POLYMED
2020-01-23,264.8,267.35,260.75,266.0,262.1,267.35,165.1,POLYMED
2020-01-22,264.9,265.65,261.15,264.8,263.75,265.65,165.1,POLYMED
2020-01-21,262.0,265.0,260.45,262.3,263.35,265.0,165.1,POLYMED
2020-01-20,260.0,261.0,252.45,259.2,259.0,261.0,165.1,POLYMED
2020-01-17,243.75,255.0,241.15,252.8,253.05,255.0,165.1,POLYMED
2020-01-16,240.0,249.9,239.8,242.15,242.3,252.7,165.1,POLYMED
2020-01-15,238.15,241.0,235.05,240.0,238.95,252.7,165.1,POLYMED
2020-01-14,236.0,249.0,235.05,240.0,237.65,252.7,165.1,POLYMED
2020-01-13,220.0,252.7,219.0,235.1,238.3,252.7,165.1,POLYMED
2020-01-10,218.85,219.0,212.75,215.0,215.65,238.8,165.1,POLYMED
2020-01-09,213.0,219.0,210.0,218.0,217.95,238.8,165.1,POLYMED
2020-01-08,205.25,214.5,205.25,211.0,211.2,238.8,165.1,POLYMED
2020-01-07,212.0,214.85,209.3,210.0,210.0,238.8,165.1,POLYMED
2020-01-06,209.0,212.0,205.7,210.0,209.75,238.8,165.1,POLYMED
2020-01-03,215.15,217.5,213.95,215.35,215.9,238.8,165.1,POLYMED
2020-01-02,219.0,219.0,210.0,213.9,213.45,238.8,165.1,POLYMED
2020-01-01,218.0,218.25,214.75,215.95,217.35,238.8,165.1,POLYMED
2019-12-31,217.5,219.0,214.5,218.1,218.05,238.8,165.1,POLYMED
2019-12-30,215.05,219.9,215.05,217.65,217.45,238.8,165.1,POLYMED
2019-12-27,207.6,218.0,207.6,214.95,213.85,238.8,165.1,POLYMED
2019-12-26,210.7,215.05,207.65,211.95,210.85,238.8,165.1,POLYMED
2019-12-24,207.5,214.45,205.4,211.3,210.7,238.8,165.1,POLYMED
2019-12-23,215.1,218.8,205.0,205.4,207.45,238.8,165.1,POLYMED
2019-12-20,213.9,215.95,210.35,215.9,215.05,238.8,165.1,POLYMED
2019-12-19,210.1,216.0,209.6,216.0,213.45,238.8,165.1,POLYMED
2019-12-18,205.95,214.45,205.8,207.9,209.65,238.8,165.1,POLYMED
2019-12-17,206.1,210.2,204.4,205.25,205.55,238.8,165.1,POLYMED
2019-12-16,208.0,209.0,204.95,206.5,206.15,238.8,165.1,POLYMED
2019-12-13,207.1,210.35,206.45,209.0,208.6,238.8,165.1,POLYMED
2019-12-12,208.0,212.0,203.75,206.5,206.9,238.8,165.1,POLYMED
