DATE,OPEN,HIGH,LOW,CLOSE,52W H,52W L,SYMBOL
2021-09-24,2444.0,2445.05,2403.1,2410.3,2868.0,1270.05,SUNDARMFIN
2021-09-23,2425.0,2443.35,2403.65,2430.95,2868.0,1270.05,SUNDARMFIN
2021-09-22,2448.0,2448.0,2391.2,2420.35,2868.0,1270.05,SUNDARMFIN
2021-09-21,2444.0,2447.95,2402.5,2438.35,2868.0,1270.05,SUNDARMFIN
2021-09-20,2442.95,2454.9,2402.35,2424.35,2868.0,1270.05,SUNDARMFIN
2021-09-17,2552.5,2608.7,2417.0,2499.3,2868.0,1270.05,SUNDARMFIN
2021-09-16,2572.2,2597.35,2535.0,2547.1,2868.0,1270.05,SUNDARMFIN
2021-09-15,2578.2,2610.0,2532.75,2572.2,2868.0,1270.05,SUNDARMFIN
2021-09-14,2543.65,2589.4,2520.05,2572.2,2868.0,1270.05,SUNDARMFIN
2021-09-13,2544.25,2549.7,2515.0,2530.95,2868.0,1270.05,SUNDARMFIN
2021-09-09,2560.0,2560.0,2520.0,2531.55,2868.0,1270.05,SUNDARMFIN
2021-09-08,2575.5,2587.75,2503.5,2540.1,2868.0,1270.05,SUNDARMFIN
2021-09-07,2571.25,2588.7,2550.05,2561.25,2868.0,1270.05,SUNDARMFIN
2021-09-06,2551.55,2583.45,2543.6,2571.25,2868.0,1270.05,SUNDARMFIN
2021-09-03,2565.4,2592.35,2531.2,2551.55,2868.0,1270.05,SUNDARMFIN
2021-09-02,2577.4,2590.0,2537.35,2552.6,2868.0,1270.05,SUNDARMFIN
2021-09-01,2600.0,2600.0,2544.05,2577.4,2868.0,1270.05,SUNDARMFIN
2021-08-31,2610.0,2610.0,2590.0,2602.9,2868.0,1270.05,SUNDARMFIN
2021-08-30,2610.0,2610.0,2581.0,2600.0,2868.0,1270.05,SUNDARMFIN
2021-08-27,2596.25,2609.25,2570.0,2590.9,2868.0,1270.05,SUNDARMFIN
2021-08-26,2600.0,2601.45,2559.05,2596.25,2868.0,1270.05,SUNDARMFIN
2021-08-25,2530.0,2613.0,2530.0,2584.9,2868.0,1270.05,SUNDARMFIN
2021-08-24,2447.0,2538.65,2401.55,2530.7,2868.0,1270.05,SUNDARMFIN
2021-08-23,2469.0,2511.95,2319.1,2454.7,2868.0,1270.05,SUNDARMFIN
2021-08-20,2460.2,2460.2,2411.4,2438.85,2868.0,1270.05,SUNDARMFIN
2021-08-18,2444.95,2465.2,2434.15,2447.95,2868.0,1270.05,SUNDARMFIN
2021-08-17,2500.0,2520.5,2412.6,2452.95,2868.0,1270.05,SUNDARMFIN
2021-08-16,2540.0,2540.0,2473.85,2524.45,2868.0,1270.05,SUNDARMFIN
2021-08-13,2500.0,2563.0,2494.95,2528.8,2868.0,1270.05,SUNDARMFIN
2021-08-12,2553.4,2567.35,2476.0,2490.1,2868.0,1270.05,SUNDARMFIN
2021-08-11,2560.0,2572.35,2510.05,2540.65,2868.0,1270.05,SUNDARMFIN
2021-08-10,2570.0,2599.6,2540.0,2586.05,2868.0,1270.05,SUNDARMFIN
2021-08-09,2655.0,2655.0,2585.0,2604.1,2868.0,1270.05,SUNDARMFIN
2021-08-06,2630.0,2637.5,2605.1,2632.9,2868.0,1270.05,SUNDARMFIN
2021-08-05,2585.0,2698.45,2570.0,2634.3,2868.0,1270.05,SUNDARMFIN
2021-08-04,2637.0,2637.0,2542.9,2583.55,2868.0,1270.05,SUNDARMFIN
2021-08-03,2617.75,2649.95,2617.75,2633.5,2868.0,1270.05,SUNDARMFIN
2021-08-02,2620.0,2620.0,2584.0,2606.1,2868.0,1270.05,SUNDARMFIN
2021-07-30,2625.45,2635.0,2579.2,2608.05,2868.0,1237.05,SUNDARMFIN
2021-07-29,2640.0,2640.0,2614.75,2622.9,2868.0,1237.05,SUNDARMFIN
2021-07-28,2655.0,2656.0,2605.05,2620.25,2868.0,1237.05,SUNDARMFIN
2021-07-27,2495.5,2668.7,2487.65,2648.6,2868.0,1237.05,SUNDARMFIN
2021-07-26,2590.0,2590.0,2456.6,2483.05,2868.0,1237.05,SUNDARMFIN
2021-07-23,2651.0,2655.0,2535.6,2579.5,2868.0,1232.15,SUNDARMFIN
2021-07-22,2609.0,2650.0,2609.0,2647.7,2868.0,1232.15,SUNDARMFIN
2021-07-20,2656.65,2657.8,2596.85,2608.25,2868.0,1232.15,SUNDARMFIN
2021-07-19,2652.7,2660.0,2615.35,2643.4,2868.0,1232.15,SUNDARMFIN
2021-07-16,2635.5,2660.0,2622.2,2652.7,2868.0,1196.5,SUNDARMFIN
2021-07-15,2670.0,2670.0,2638.55,2659.45,2868.0,1196.5,SUNDARMFIN
2021-07-14,2674.9,2674.9,2648.0,2659.2,2868.0,1196.5,SUNDARMFIN
2021-07-13,2729.0,2729.0,2654.45,2664.85,2868.0,1196.5,SUNDARMFIN
2021-07-12,2675.0,2675.0,2651.25,2664.75,2868.0,1196.5,SUNDARMFIN
2021-07-09,2664.7,2666.0,2641.7,2664.65,2868.0,1196.5,SUNDARMFIN
2021-07-08,2626.1,2664.7,2626.1,2653.4,2868.0,1196.5,SUNDARMFIN
2021-07-07,2563.55,2665.0,2563.55,2664.35,2868.0,1196.5,SUNDARMFIN
2021-07-06,2649.9,2675.0,2623.55,2664.2,2868.0,1196.5,SUNDARMFIN
2021-07-05,2666.0,2671.35,2630.05,2636.75,2868.0,1196.5,SUNDARMFIN
2021-07-02,2655.0,2670.0,2634.0,2664.25,2868.0,1196.5,SUNDARMFIN
2021-07-01,2690.0,2690.0,2650.0,2654.5,2868.0,1196.5,SUNDARMFIN
2021-06-30,2642.0,2677.5,2642.0,2674.65,2868.0,1196.5,SUNDARMFIN
2021-06-29,2627.85,2675.0,2627.85,2668.6,2868.0,1196.5,SUNDARMFIN
2021-06-28,2694.0,2697.1,2646.1,2665.15,2868.0,1196.5,SUNDARMFIN
2021-06-25,2675.0,2675.15,2660.0,2670.15,2868.0,1196.5,SUNDARMFIN
2021-06-24,2662.5,2675.0,2642.3,2665.55,2868.0,1196.5,SUNDARMFIN
2021-06-23,2687.1,2689.0,2630.0,2673.1,2868.0,1196.5,SUNDARMFIN
2021-06-22,2698.0,2707.75,2653.1,2673.7,2868.0,1196.5,SUNDARMFIN
2021-06-21,2602.6,2675.0,2602.6,2670.25,2868.0,1196.5,SUNDARMFIN
2021-06-18,2677.2,2708.9,2618.55,2658.55,2868.0,1196.5,SUNDARMFIN
2021-06-17,2598.25,2696.55,2593.95,2678.8,2868.0,1196.5,SUNDARMFIN
2021-06-16,2654.0,2698.0,2553.0,2598.25,2868.0,1196.5,SUNDARMFIN
2021-06-15,2579.3,2667.95,2565.0,2651.95,2868.0,1196.5,SUNDARMFIN
2021-06-14,2612.25,2612.25,2571.95,2579.3,2868.0,1196.5,SUNDARMFIN
2021-06-11,2610.0,2614.95,2572.8,2590.65,2868.0,1190.3,SUNDARMFIN
2021-06-10,2594.15,2600.0,2559.1,2588.75,2868.0,1190.3,SUNDARMFIN
2021-06-09,2590.0,2625.0,2564.55,2581.2,2868.0,1190.3,SUNDARMFIN
2021-06-08,2588.7,2591.55,2550.05,2574.0,2868.0,1190.3,SUNDARMFIN
2021-06-07,2588.0,2588.0,2522.35,2570.35,2868.0,1190.3,SUNDARMFIN
2021-06-04,2534.0,2610.0,2518.3,2540.1,2868.0,1190.3,SUNDARMFIN
2021-06-03,2496.45,2548.8,2485.8,2527.95,2868.0,1190.3,SUNDARMFIN
2021-06-02,2490.0,2497.7,2463.15,2479.25,2868.0,1190.3,SUNDARMFIN
2021-06-01,2512.1,2523.9,2455.6,2489.95,2868.0,1190.3,SUNDARMFIN
2021-05-31,2492.0,2553.6,2480.1,2499.6,2868.0,1190.3,SUNDARMFIN
2021-05-28,2482.25,2525.0,2463.35,2496.6,2868.0,1190.0,SUNDARMFIN
2021-05-27,2398.0,2500.95,2371.05,2478.15,2868.0,1190.0,SUNDARMFIN
2021-05-26,2464.0,2468.25,2380.0,2398.5,2868.0,1190.0,SUNDARMFIN
2021-05-25,2500.0,2510.0,2420.0,2434.0,2868.0,1190.0,SUNDARMFIN
2021-05-24,2519.5,2575.0,2453.2,2478.85,2868.0,1190.0,SUNDARMFIN
2021-05-21,2450.0,2505.0,2422.0,2471.3,2868.0,1181.3,SUNDARMFIN
2021-05-20,2433.9,2440.6,2396.0,2426.9,2868.0,1181.3,SUNDARMFIN
2021-05-19,2415.3,2443.3,2414.05,2421.75,2868.0,1181.3,SUNDARMFIN
2021-05-18,2418.0,2449.0,2375.0,2423.85,2868.0,1181.3,SUNDARMFIN
2021-05-17,2375.0,2421.55,2363.0,2385.15,2868.0,1181.3,SUNDARMFIN
2021-05-14,2448.9,2448.9,2351.55,2390.4,2868.0,1181.3,SUNDARMFIN
2021-05-12,2415.0,2417.0,2370.0,2406.8,2868.0,1181.3,SUNDARMFIN
2021-05-11,2414.0,2423.0,2365.5,2405.3,2868.0,1181.3,SUNDARMFIN
2021-05-10,2475.0,2520.0,2380.2,2409.75,2868.0,1181.3,SUNDARMFIN
2021-05-07,2490.0,2490.0,2470.1,2473.9,2868.0,1181.3,SUNDARMFIN
2021-05-06,2486.2,2494.2,2440.0,2451.7,2868.0,1181.3,SUNDARMFIN
2021-05-05,2498.35,2520.0,2441.6,2492.7,2868.0,1181.3,SUNDARMFIN
2021-05-04,2499.15,2548.0,2415.05,2477.15,2868.0,1181.3,SUNDARMFIN
2021-05-03,2478.0,2522.05,2430.65,2499.15,2868.0,1181.3,SUNDARMFIN
2021-04-30,2488.3,2528.55,2470.0,2481.1,2868.0,1181.3,SUNDARMFIN
2021-04-29,2535.0,2560.0,2472.1,2511.15,2868.0,1181.3,SUNDARMFIN
2021-04-28,2457.0,2559.6,2448.75,2522.95,2868.0,1181.3,SUNDARMFIN
2021-04-27,2340.0,2516.05,2321.45,2449.7,2868.0,1181.3,SUNDARMFIN
2021-04-26,2326.0,2360.0,2300.55,2316.8,2868.0,1181.3,SUNDARMFIN
2021-04-23,2265.8,2335.0,2251.7,2324.2,2868.0,1181.3,SUNDARMFIN
2021-04-22,2269.0,2273.9,2225.0,2253.9,2868.0,1181.3,SUNDARMFIN
2021-04-20,2313.35,2398.45,2250.0,2273.95,2868.0,1181.3,SUNDARMFIN
2021-04-19,2425.0,2425.0,2300.0,2313.35,2868.0,1181.3,SUNDARMFIN
2021-04-16,2396.0,2463.95,2379.05,2432.8,2868.0,1181.3,SUNDARMFIN
2021-04-15,2470.0,2470.0,2369.95,2394.75,2868.0,1181.3,SUNDARMFIN
2021-04-13,2439.0,2494.0,2436.4,2471.2,2868.0,1181.3,SUNDARMFIN
2021-04-12,2510.0,2510.0,2406.5,2437.1,2868.0,1181.3,SUNDARMFIN
2021-04-09,2560.0,2589.75,2510.0,2528.25,2868.0,1173.1,SUNDARMFIN
2021-04-08,2554.95,2575.25,2520.0,2550.85,2868.0,1173.1,SUNDARMFIN
2021-04-07,2543.0,2583.9,2536.0,2561.85,2868.0,1173.1,SUNDARMFIN
2021-04-06,2577.7,2592.5,2535.45,2567.0,2868.0,1173.1,SUNDARMFIN
2021-04-05,2630.0,2630.0,2561.0,2577.7,2868.0,1173.1,SUNDARMFIN
2021-04-01,2605.0,2645.95,2582.8,2619.1,2868.0,1127.65,SUNDARMFIN
2021-03-31,2520.0,2679.15,2481.0,2570.45,2868.0,1127.65,SUNDARMFIN
2021-03-30,2545.0,2588.0,2481.05,2537.0,2868.0,1127.65,SUNDARMFIN
2021-03-26,2500.0,2516.8,2451.5,2498.3,2868.0,982.05,SUNDARMFIN
2021-03-25,2378.0,2476.9,2315.0,2463.55,2868.0,982.05,SUNDARMFIN
2021-03-24,2497.8,2530.0,2330.0,2379.2,2868.0,982.05,SUNDARMFIN
2021-03-23,2540.0,2589.95,2427.0,2463.6,2868.0,982.05,SUNDARMFIN
2021-03-22,2434.0,2519.95,2305.55,2454.55,2868.0,982.05,SUNDARMFIN
2021-03-19,2500.0,2549.0,2390.0,2458.6,2868.0,982.05,SUNDARMFIN
2021-03-18,2541.5,2628.7,2445.1,2501.35,2868.0,982.05,SUNDARMFIN
2021-03-17,2641.15,2655.95,2501.1,2568.9,2868.0,982.05,SUNDARMFIN
2021-03-16,2688.0,2688.0,2640.0,2649.9,2868.0,982.05,SUNDARMFIN
2021-03-15,2677.0,2698.0,2630.0,2649.9,2868.0,982.05,SUNDARMFIN
2021-03-12,2710.0,2719.0,2631.05,2677.0,2868.0,982.05,SUNDARMFIN
2021-03-10,2700.0,2850.0,2620.0,2675.65,2868.0,982.05,SUNDARMFIN
2021-03-09,2671.15,2675.0,2630.05,2649.35,2868.0,982.05,SUNDARMFIN
2021-03-08,2740.0,2751.1,2662.0,2671.15,2868.0,982.05,SUNDARMFIN
2021-03-05,2752.0,2812.35,2659.6,2738.45,2868.0,982.05,SUNDARMFIN
2021-03-04,2700.05,2868.0,2700.05,2820.15,2868.0,982.05,SUNDARMFIN
2021-03-03,2643.7,2825.0,2635.0,2775.4,2825.0,982.05,SUNDARMFIN
2021-03-02,2608.0,2646.4,2532.3,2618.2,2739.95,982.05,SUNDARMFIN
2021-03-01,2648.0,2699.0,2515.05,2607.8,2739.95,982.05,SUNDARMFIN
2021-02-26,2450.0,2739.95,2422.9,2647.05,2739.95,982.05,SUNDARMFIN
2021-02-25,2420.0,2514.8,2388.25,2498.9,2514.8,982.05,SUNDARMFIN
2021-02-24,2429.65,2450.0,2303.6,2413.0,2450.0,982.05,SUNDARMFIN
2021-02-23,2241.0,2449.75,2241.0,2423.0,2449.75,982.05,SUNDARMFIN
2021-02-22,2278.95,2296.4,2230.55,2259.5,2379.0,982.05,SUNDARMFIN
2021-02-19,2235.0,2295.05,2215.1,2283.4,2379.0,982.05,SUNDARMFIN
2021-02-18,2316.0,2369.9,2207.45,2303.95,2379.0,982.05,SUNDARMFIN
2021-02-17,2348.5,2367.9,2276.0,2316.2,2379.0,982.05,SUNDARMFIN
2021-02-16,2167.0,2379.0,2136.95,2355.55,2379.0,982.05,SUNDARMFIN
2021-02-15,2143.4,2215.0,2142.8,2185.7,2353.1,982.05,SUNDARMFIN
2021-02-12,2164.0,2174.5,2105.6,2132.15,2353.1,982.05,SUNDARMFIN
2021-02-11,2181.2,2209.95,2141.0,2162.4,2353.1,982.05,SUNDARMFIN
2021-02-10,2302.0,2329.95,2123.6,2201.2,2353.1,982.05,SUNDARMFIN
2021-02-09,1960.95,2353.1,1940.15,2229.85,2353.1,982.05,SUNDARMFIN
2021-02-08,1923.95,1975.8,1889.2,1960.95,1975.8,982.05,SUNDARMFIN
2021-02-05,1899.0,1920.0,1856.5,1889.15,1928.65,982.05,SUNDARMFIN
2021-02-04,1836.95,1889.0,1835.3,1880.2,1928.65,982.05,SUNDARMFIN
2021-02-03,1889.5,1900.0,1822.55,1868.1,1928.65,982.05,SUNDARMFIN
2021-02-02,1776.0,1906.8,1774.85,1880.45,1928.65,982.05,SUNDARMFIN
2021-02-01,1734.0,1827.95,1695.2,1801.9,1928.65,982.05,SUNDARMFIN
2021-01-29,1651.5,1708.8,1651.5,1700.3,1928.65,982.05,SUNDARMFIN
2021-01-28,1707.05,1707.05,1660.1,1666.95,1928.65,982.05,SUNDARMFIN
2021-01-27,1784.0,1784.0,1675.0,1705.2,1928.65,982.05,SUNDARMFIN
2021-01-25,1780.0,1792.25,1732.2,1761.3,1928.65,982.05,SUNDARMFIN
2021-01-22,1820.85,1820.85,1760.0,1775.7,1928.65,982.05,SUNDARMFIN
2021-01-21,1830.6,1843.0,1807.3,1820.85,1928.65,982.05,SUNDARMFIN
2021-01-20,1821.5,1834.45,1796.4,1821.65,1928.65,982.05,SUNDARMFIN
2021-01-19,1763.4,1848.95,1758.5,1821.5,1928.65,982.05,SUNDARMFIN
2021-01-18,1787.0,1832.45,1739.05,1763.4,1928.65,982.05,SUNDARMFIN
2021-01-15,1865.0,1865.0,1806.25,1819.75,1928.65,982.05,SUNDARMFIN
2021-01-14,1826.1,1868.05,1821.3,1839.95,1928.65,982.05,SUNDARMFIN
2021-01-13,1885.15,1885.15,1809.0,1868.25,1928.65,982.05,SUNDARMFIN
2021-01-12,1877.8,1885.0,1852.05,1875.75,1928.65,982.05,SUNDARMFIN
2021-01-11,1889.8,1889.8,1858.65,1868.6,1928.65,982.05,SUNDARMFIN
2021-01-08,1890.0,1890.0,1840.0,1866.6,1928.65,982.05,SUNDARMFIN
2021-01-07,1830.0,1880.0,1810.05,1863.15,1928.65,982.05,SUNDARMFIN
2021-01-06,1837.0,1844.95,1820.0,1830.65,1928.65,982.05,SUNDARMFIN
2021-01-05,1826.0,1855.1,1809.05,1839.0,1928.65,982.05,SUNDARMFIN
2021-01-04,1816.0,1851.0,1808.0,1835.2,1928.65,982.05,SUNDARMFIN
2021-01-01,1777.0,1848.45,1777.0,1839.95,1928.65,982.05,SUNDARMFIN
2020-12-31,1825.0,1926.75,1785.3,1804.25,1928.65,982.05,SUNDARMFIN
2020-12-30,1780.0,1839.9,1760.0,1816.85,1928.65,982.05,SUNDARMFIN
2020-12-29,1785.0,1794.7,1760.0,1778.15,1928.65,982.05,SUNDARMFIN
2020-12-28,1812.4,1813.0,1759.0,1782.55,1928.65,982.05,SUNDARMFIN
2020-12-24,1778.0,1799.9,1759.75,1790.85,1928.65,982.05,SUNDARMFIN
2020-12-23,1779.0,1789.7,1748.0,1767.35,1928.65,982.05,SUNDARMFIN
2020-12-22,1869.0,1870.05,1760.0,1781.3,1928.65,982.05,SUNDARMFIN
2020-12-21,1918.1,1918.1,1840.0,1868.15,1928.65,982.05,SUNDARMFIN
2020-12-18,1840.0,1928.65,1820.0,1918.1,1928.65,982.05,SUNDARMFIN
2020-12-17,1832.0,1858.45,1830.0,1840.85,1860.0,982.05,SUNDARMFIN
2020-12-16,1823.0,1860.0,1811.35,1849.2,1860.0,982.05,SUNDARMFIN
2020-12-15,1790.0,1840.0,1779.3,1828.5,1845.0,982.05,SUNDARMFIN
2020-12-14,1798.0,1845.0,1781.55,1805.6,1845.0,982.05,SUNDARMFIN
2020-12-11,1813.0,1813.0,1774.0,1805.8,1834.0,982.05,SUNDARMFIN
2020-12-10,1790.0,1833.85,1766.0,1806.15,1834.0,982.05,SUNDARMFIN
2020-12-09,1799.0,1804.95,1767.95,1800.8,1834.0,982.05,SUNDARMFIN
2020-12-08,1801.0,1812.0,1770.0,1777.35,1834.0,982.05,SUNDARMFIN
2020-12-07,1785.0,1812.0,1760.0,1804.75,1834.0,982.05,SUNDARMFIN
2020-12-04,1771.0,1798.65,1711.1,1774.95,1834.0,982.05,SUNDARMFIN
2020-12-03,1794.0,1800.0,1765.0,1769.35,1834.0,982.05,SUNDARMFIN
2020-12-02,1775.0,1800.0,1756.05,1794.8,1834.0,982.05,SUNDARMFIN
2020-12-01,1779.8,1805.0,1741.35,1773.0,1834.0,982.05,SUNDARMFIN
2020-11-27,1708.55,1767.4,1651.2,1746.8,1834.0,982.05,SUNDARMFIN
2020-11-26,1782.4,1782.4,1690.0,1694.95,1834.0,982.05,SUNDARMFIN
2020-11-25,1799.95,1834.0,1763.8,1773.65,1834.0,982.05,SUNDARMFIN
2020-11-24,1777.8,1805.9,1770.0,1795.2,1805.9,982.05,SUNDARMFIN
2020-11-23,1722.25,1790.0,1721.05,1769.05,1790.0,982.05,SUNDARMFIN
2020-11-20,1700.0,1738.0,1679.55,1722.25,1784.95,982.05,SUNDARMFIN
2020-11-19,1662.0,1700.0,1654.95,1692.0,1784.95,982.05,SUNDARMFIN
2020-11-18,1624.95,1673.95,1615.1,1661.35,1784.95,982.05,SUNDARMFIN
2020-11-17,1578.0,1638.3,1560.0,1625.5,1784.95,982.05,SUNDARMFIN
2020-11-14,1598.0,1598.0,1572.3,1592.9,1784.95,982.05,SUNDARMFIN
2020-11-13,1561.2,1600.0,1553.6,1596.35,1784.95,982.05,SUNDARMFIN
2020-11-12,1595.0,1615.8,1536.15,1553.55,1784.95,982.05,SUNDARMFIN
2020-11-11,1574.2,1598.95,1573.05,1593.65,1784.95,982.05,SUNDARMFIN
2020-11-10,1561.65,1584.55,1530.3,1571.25,1784.95,982.05,SUNDARMFIN
2020-11-09,1590.3,1590.3,1528.0,1561.65,1784.95,982.05,SUNDARMFIN
2020-11-06,1587.0,1600.0,1565.3,1590.3,1784.95,982.05,SUNDARMFIN
2020-11-05,1598.0,1617.4,1553.25,1588.8,1784.95,982.05,SUNDARMFIN
2020-11-04,1572.25,1598.85,1556.35,1576.85,1784.95,982.05,SUNDARMFIN
2020-11-03,1470.0,1609.8,1453.0,1591.65,1784.95,982.05,SUNDARMFIN
2020-11-02,1470.0,1489.95,1445.0,1466.4,1784.95,982.05,SUNDARMFIN
2020-10-30,1485.0,1488.4,1431.0,1447.65,1784.95,982.05,SUNDARMFIN
2020-10-29,1469.8,1498.45,1436.95,1486.8,1784.95,982.05,SUNDARMFIN
2020-10-28,1442.0,1500.0,1405.1,1468.95,1784.95,982.05,SUNDARMFIN
2020-10-27,1361.0,1460.0,1348.65,1441.5,1784.95,982.05,SUNDARMFIN
2020-10-26,1368.0,1390.4,1366.1,1374.3,1784.95,982.05,SUNDARMFIN
2020-10-23,1408.05,1408.05,1380.0,1395.05,1784.95,982.05,SUNDARMFIN
2020-10-22,1302.0,1435.35,1299.0,1411.6,1784.95,982.05,SUNDARMFIN
2020-10-21,1307.0,1314.45,1301.5,1304.95,1784.95,982.05,SUNDARMFIN
2020-10-20,1327.9,1327.9,1293.0,1303.05,1784.95,982.05,SUNDARMFIN
2020-10-19,1329.95,1344.45,1306.7,1317.65,1784.95,982.05,SUNDARMFIN
2020-10-16,1300.1,1330.0,1290.5,1323.65,1784.95,982.05,SUNDARMFIN
2020-10-15,1311.05,1318.7,1292.95,1300.1,1784.95,982.05,SUNDARMFIN
2020-10-14,1308.8,1316.0,1295.05,1304.6,1784.95,982.05,SUNDARMFIN
2020-10-13,1306.65,1314.7,1296.0,1299.85,1784.95,982.05,SUNDARMFIN
2020-10-12,1300.0,1329.0,1298.2,1300.2,1784.95,982.05,SUNDARMFIN
2020-10-09,1304.9,1314.45,1276.05,1299.55,1784.95,982.05,SUNDARMFIN
2020-10-08,1328.9,1328.9,1290.0,1298.7,1784.95,982.05,SUNDARMFIN
2020-10-07,1340.0,1340.35,1306.25,1311.9,1784.95,982.05,SUNDARMFIN
2020-10-06,1353.0,1373.05,1326.6,1345.25,1784.95,982.05,SUNDARMFIN
2020-10-05,1397.0,1411.05,1340.0,1348.2,1784.95,982.05,SUNDARMFIN
2020-10-01,1318.6,1398.5,1314.95,1388.9,1784.95,982.05,SUNDARMFIN
2020-09-30,1324.75,1324.75,1290.4,1300.6,1784.95,982.05,SUNDARMFIN
2020-09-29,1329.0,1330.05,1305.0,1309.75,1784.95,982.05,SUNDARMFIN
2020-09-28,1333.9,1345.6,1310.0,1318.9,1784.95,982.05,SUNDARMFIN
2020-09-25,1317.0,1334.45,1292.0,1321.15,1784.95,982.05,SUNDARMFIN
2020-09-24,1298.7,1316.2,1270.05,1292.05,1784.95,982.05,SUNDARMFIN
2020-09-23,1320.0,1320.0,1298.8,1300.55,1784.95,982.05,SUNDARMFIN
2020-09-22,1309.0,1319.95,1296.8,1301.85,1784.95,982.05,SUNDARMFIN
2020-09-21,1316.65,1339.0,1300.0,1311.1,1784.95,982.05,SUNDARMFIN
2020-09-18,1364.0,1367.4,1300.0,1306.2,1784.95,982.05,SUNDARMFIN
2020-09-17,1357.95,1393.9,1340.0,1351.0,1784.95,982.05,SUNDARMFIN
2020-09-16,1359.95,1373.8,1332.75,1371.35,1784.95,982.05,SUNDARMFIN
2020-09-15,1349.8,1367.55,1324.05,1347.95,1784.95,982.05,SUNDARMFIN
2020-09-14,1335.0,1382.85,1323.1,1331.9,1784.95,982.05,SUNDARMFIN
2020-09-11,1351.8,1351.8,1309.0,1319.75,1784.95,982.05,SUNDARMFIN
2020-09-10,1341.25,1356.0,1323.55,1343.85,1784.95,982.05,SUNDARMFIN
2020-09-09,1323.95,1397.0,1298.0,1338.8,1784.95,982.05,SUNDARMFIN
2020-09-08,1358.0,1363.55,1294.0,1311.65,1784.95,982.05,SUNDARMFIN
2020-09-07,1400.0,1435.0,1332.0,1338.65,1784.95,982.05,SUNDARMFIN
2020-09-04,1450.65,1480.65,1384.05,1398.85,1784.95,982.05,SUNDARMFIN
2020-09-03,1496.0,1521.0,1442.25,1450.65,1784.95,982.05,SUNDARMFIN
2020-09-02,1542.0,1550.0,1476.0,1494.95,1784.95,982.05,SUNDARMFIN
2020-09-01,1611.1,1616.35,1505.0,1535.25,1784.95,982.05,SUNDARMFIN
2020-08-31,1652.5,1675.0,1546.0,1611.1,1784.95,982.05,SUNDARMFIN
2020-08-28,1504.95,1680.0,1492.0,1669.7,1784.95,982.05,SUNDARMFIN
2020-08-27,1509.0,1541.0,1491.05,1504.95,1784.95,982.05,SUNDARMFIN
2020-08-26,1465.0,1477.7,1435.85,1470.35,1784.95,982.05,SUNDARMFIN
2020-08-25,1498.0,1498.0,1451.0,1473.75,1784.95,982.05,SUNDARMFIN
2020-08-24,1393.55,1475.0,1390.45,1460.5,1784.95,982.05,SUNDARMFIN
2020-08-21,1425.0,1427.5,1377.0,1393.55,1784.95,982.05,SUNDARMFIN
2020-08-20,1384.0,1421.3,1359.5,1415.7,1784.95,982.05,SUNDARMFIN
2020-08-19,1356.5,1380.0,1350.0,1368.25,1784.95,982.05,SUNDARMFIN
2020-08-18,1348.0,1364.95,1332.85,1351.45,1784.95,982.05,SUNDARMFIN
2020-08-17,1372.0,1372.0,1340.0,1342.3,1784.95,982.05,SUNDARMFIN
2020-08-14,1355.0,1373.15,1340.0,1346.4,1784.95,982.05,SUNDARMFIN
2020-08-13,1365.0,1365.0,1346.1,1349.5,1784.95,982.05,SUNDARMFIN
2020-08-12,1331.05,1364.0,1331.05,1360.25,1784.95,982.05,SUNDARMFIN
2020-08-11,1347.95,1365.0,1321.1,1351.2,1784.95,982.05,SUNDARMFIN
2020-08-10,1334.0,1334.0,1290.1,1313.85,1784.95,982.05,SUNDARMFIN
2020-08-07,1312.95,1317.6,1305.4,1311.4,1784.95,982.05,SUNDARMFIN
2020-08-06,1300.0,1318.95,1291.55,1302.6,1784.95,982.05,SUNDARMFIN
2020-08-05,1283.45,1322.95,1274.95,1298.05,1784.95,982.05,SUNDARMFIN
2020-08-04,1283.0,1298.65,1279.85,1287.3,1784.95,982.05,SUNDARMFIN
2020-08-03,1285.0,1288.9,1272.2,1276.9,1784.95,982.05,SUNDARMFIN
2020-07-31,1263.0,1291.5,1246.15,1277.75,1784.95,982.05,SUNDARMFIN
2020-07-30,1250.5,1260.0,1249.95,1251.05,1784.95,982.05,SUNDARMFIN
2020-07-29,1249.4,1259.9,1247.0,1250.5,1784.95,982.05,SUNDARMFIN
2020-07-28,1237.7,1259.45,1237.7,1250.25,1784.95,982.05,SUNDARMFIN
2020-07-27,1258.0,1268.95,1237.05,1250.4,1784.95,982.05,SUNDARMFIN
2020-07-24,1259.95,1267.2,1242.95,1255.85,1784.95,982.05,SUNDARMFIN
2020-07-23,1254.45,1266.0,1235.1,1250.6,1784.95,982.05,SUNDARMFIN
2020-07-22,1285.0,1285.0,1232.15,1250.0,1784.95,982.05,SUNDARMFIN
2020-07-21,1287.0,1287.0,1261.2,1273.1,1784.95,982.05,SUNDARMFIN
2020-07-20,1250.0,1269.4,1250.0,1261.2,1784.95,982.05,SUNDARMFIN
2020-07-17,1270.0,1274.95,1242.0,1262.45,1784.95,982.05,SUNDARMFIN
2020-07-16,1285.0,1299.0,1237.15,1271.25,1784.95,982.05,SUNDARMFIN
2020-07-15,1227.0,1285.0,1213.85,1268.05,1784.95,982.05,SUNDARMFIN
2020-07-14,1240.5,1242.3,1196.5,1211.1,1784.95,982.05,SUNDARMFIN
2020-07-13,1265.0,1283.75,1239.9,1244.6,1784.95,982.05,SUNDARMFIN
2020-07-10,1318.2,1326.4,1249.0,1254.8,1784.95,982.05,SUNDARMFIN
2020-07-09,1346.0,1368.9,1310.55,1318.2,1784.95,982.05,SUNDARMFIN
2020-07-08,1395.25,1396.0,1336.6,1350.4,1784.95,982.05,SUNDARMFIN
2020-07-07,1399.6,1399.95,1376.65,1395.2,1784.95,982.05,SUNDARMFIN
2020-07-06,1382.0,1410.0,1382.0,1392.5,1784.95,982.05,SUNDARMFIN
2020-07-03,1427.85,1427.85,1395.1,1404.65,1784.95,982.05,SUNDARMFIN
2020-07-02,1453.6,1467.1,1405.0,1416.35,1784.95,982.05,SUNDARMFIN
2020-07-01,1452.0,1467.15,1412.45,1453.7,1784.95,982.05,SUNDARMFIN
2020-06-30,1445.0,1469.95,1410.0,1452.05,1784.95,982.05,SUNDARMFIN
2020-06-29,1420.0,1449.0,1371.05,1423.65,1784.95,982.05,SUNDARMFIN
2020-06-26,1401.45,1439.0,1390.0,1408.6,1784.95,982.05,SUNDARMFIN
2020-06-25,1373.0,1427.35,1369.95,1421.0,1784.95,982.05,SUNDARMFIN
2020-06-24,1392.95,1401.0,1350.7,1394.35,1784.95,982.05,SUNDARMFIN
2020-06-23,1366.5,1410.0,1351.05,1367.5,1784.95,982.05,SUNDARMFIN
2020-06-22,1332.75,1389.0,1311.3,1366.5,1784.95,982.05,SUNDARMFIN
2020-06-19,1315.9,1348.5,1291.0,1332.75,1784.95,982.05,SUNDARMFIN
2020-06-18,1269.0,1317.05,1255.1,1306.1,1784.95,982.05,SUNDARMFIN
2020-06-17,1231.9,1294.0,1210.5,1271.1,1784.95,982.05,SUNDARMFIN
2020-06-16,1293.0,1293.0,1221.75,1232.05,1784.95,982.05,SUNDARMFIN
2020-06-15,1348.0,1348.0,1248.6,1263.1,1784.95,982.05,SUNDARMFIN
2020-06-12,1199.95,1375.0,1190.3,1348.3,1784.95,982.05,SUNDARMFIN
2020-06-11,1218.25,1221.7,1201.55,1206.55,1784.95,982.05,SUNDARMFIN
2020-06-10,1235.0,1235.05,1202.0,1209.6,1784.95,982.05,SUNDARMFIN
2020-06-09,1225.0,1242.55,1215.2,1225.35,1784.95,982.05,SUNDARMFIN
2020-06-08,1210.6,1245.0,1210.6,1231.4,1784.95,982.05,SUNDARMFIN
2020-06-05,1220.0,1222.95,1200.1,1202.95,1784.95,982.05,SUNDARMFIN
2020-06-04,1213.35,1231.0,1201.0,1202.7,1784.95,982.05,SUNDARMFIN
2020-06-03,1242.15,1271.65,1204.55,1213.3,1784.95,982.05,SUNDARMFIN
2020-06-02,1270.35,1282.35,1230.0,1242.15,1784.95,982.05,SUNDARMFIN
2020-06-01,1277.0,1288.0,1252.0,1270.35,1784.95,982.05,SUNDARMFIN
2020-05-29,1201.0,1290.85,1200.0,1267.15,1784.95,982.05,SUNDARMFIN
2020-05-28,1209.9,1224.0,1200.75,1209.75,1784.95,982.05,SUNDARMFIN
2020-05-27,1191.25,1206.55,1190.0,1199.2,1784.95,982.05,SUNDARMFIN
2020-05-26,1195.2,1207.05,1191.95,1199.4,1784.95,982.05,SUNDARMFIN
2020-05-22,1197.15,1207.05,1181.3,1200.9,1784.95,982.05,SUNDARMFIN
2020-05-21,1214.0,1227.55,1186.05,1196.55,1784.95,982.05,SUNDARMFIN
2020-05-20,1217.9,1225.0,1196.3,1205.0,1784.95,982.05,SUNDARMFIN
2020-05-19,1225.0,1288.8,1200.25,1204.75,1784.95,982.05,SUNDARMFIN
2020-05-18,1195.3,1225.0,1191.5,1204.5,1784.95,982.05,SUNDARMFIN
2020-05-15,1224.0,1224.0,1195.3,1203.65,1784.95,982.05,SUNDARMFIN
2020-05-14,1209.0,1223.7,1195.3,1204.0,1784.95,982.05,SUNDARMFIN
2020-05-13,1235.0,1249.95,1194.95,1204.1,1784.95,982.05,SUNDARMFIN
2020-05-12,1203.05,1221.2,1182.0,1215.25,1784.95,982.05,SUNDARMFIN
2020-05-11,1230.0,1249.8,1201.5,1219.85,1784.95,982.05,SUNDARMFIN
2020-05-08,1239.95,1252.15,1230.3,1241.8,1784.95,982.05,SUNDARMFIN
2020-05-07,1235.45,1253.95,1207.3,1221.6,1784.95,982.05,SUNDARMFIN
2020-05-06,1248.9,1276.7,1225.85,1230.85,1784.95,982.05,SUNDARMFIN
2020-05-05,1251.4,1271.35,1229.0,1229.9,1784.95,982.05,SUNDARMFIN
2020-05-04,1233.0,1291.1,1218.15,1251.4,1784.95,982.05,SUNDARMFIN
2020-04-30,1254.75,1300.3,1230.0,1261.95,1784.95,982.05,SUNDARMFIN
2020-04-29,1258.35,1283.95,1225.9,1237.45,1784.95,982.05,SUNDARMFIN
2020-04-28,1260.0,1260.0,1230.6,1241.2,1784.95,982.05,SUNDARMFIN
2020-04-27,1224.0,1257.3,1215.0,1243.65,1784.95,982.05,SUNDARMFIN
2020-04-24,1265.0,1274.4,1211.3,1219.65,1784.95,982.05,SUNDARMFIN
2020-04-23,1280.15,1312.05,1240.0,1248.75,1784.95,982.05,SUNDARMFIN
2020-04-22,1233.75,1330.0,1220.95,1280.15,1784.95,982.05,SUNDARMFIN
2020-04-21,1280.0,1309.95,1211.4,1233.75,1784.95,982.05,SUNDARMFIN
2020-04-20,1348.0,1354.25,1249.8,1271.8,1784.95,982.05,SUNDARMFIN
2020-04-17,1266.0,1344.95,1266.0,1326.3,1784.95,982.05,SUNDARMFIN
2020-04-16,1317.0,1318.0,1240.0,1264.6,1784.95,982.05,SUNDARMFIN
2020-04-15,1214.0,1369.6,1207.4,1318.1,1784.95,982.05,SUNDARMFIN
2020-04-13,1210.0,1217.0,1197.0,1205.75,1784.95,982.05,SUNDARMFIN
2020-04-09,1201.0,1278.0,1185.65,1208.05,1784.95,982.05,SUNDARMFIN
2020-04-08,1222.1,1233.7,1188.2,1200.35,1784.95,982.05,SUNDARMFIN
2020-04-07,1173.2,1249.9,1173.1,1230.7,1784.95,982.05,SUNDARMFIN
2020-04-03,1175.4,1191.0,1150.05,1173.2,1784.95,982.05,SUNDARMFIN
2020-04-01,1203.25,1210.0,1161.05,1170.8,1784.95,982.05,SUNDARMFIN
2020-03-31,1200.0,1256.9,1147.9,1203.25,1784.95,982.05,SUNDARMFIN
2020-03-30,1190.75,1209.0,1127.65,1193.95,1784.95,982.05,SUNDARMFIN
2020-03-27,1124.05,1320.0,1110.6,1190.75,1784.95,982.05,SUNDARMFIN
2020-03-26,1069.5,1145.0,1069.5,1124.7,1784.95,982.05,SUNDARMFIN
2020-03-25,1065.0,1112.45,982.05,1069.5,1784.95,982.05,SUNDARMFIN
2020-03-24,1120.0,1142.0,1035.0,1047.9,1784.95,1024.25,SUNDARMFIN
2020-03-23,1050.1,1179.8,1050.1,1089.05,1784.95,1024.25,SUNDARMFIN
2020-03-20,1144.7,1216.95,1105.0,1191.6,1784.95,1024.25,SUNDARMFIN
2020-03-19,1110.95,1167.55,1024.25,1144.7,1784.95,1024.25,SUNDARMFIN
2020-03-18,1259.05,1271.55,1172.0,1194.65,1784.95,1172.0,SUNDARMFIN
2020-03-17,1276.0,1305.0,1244.15,1259.05,1784.95,1244.15,SUNDARMFIN
2020-03-16,1300.0,1340.0,1266.45,1276.85,1784.95,1266.45,SUNDARMFIN
2020-03-13,1344.9,1382.8,1300.0,1346.25,1784.95,1300.0,SUNDARMFIN
2020-03-12,1435.0,1435.05,1350.0,1369.1,1784.95,1350.0,SUNDARMFIN
2020-03-11,1450.45,1465.0,1430.3,1450.1,1784.95,1382.2,SUNDARMFIN
2020-03-09,1493.0,1493.0,1425.5,1450.45,1784.95,1382.2,SUNDARMFIN
2020-03-06,1525.0,1525.0,1472.0,1497.65,1784.95,1382.2,SUNDARMFIN
2020-03-05,1530.25,1555.0,1510.0,1525.7,1784.95,1382.2,SUNDARMFIN
2020-03-04,1568.0,1568.0,1504.0,1532.15,1784.95,1382.2,SUNDARMFIN
2020-03-03,1565.05,1573.2,1486.5,1552.05,1784.95,1382.2,SUNDARMFIN
2020-03-02,1580.0,1618.1,1545.0,1555.8,1784.95,1382.2,SUNDARMFIN
2020-02-28,1593.3,1593.4,1532.25,1578.85,1784.95,1382.2,SUNDARMFIN
2020-02-27,1638.5,1638.5,1582.05,1606.05,1784.95,1382.2,SUNDARMFIN
2020-02-26,1643.8,1650.95,1601.45,1611.85,1784.95,1382.2,SUNDARMFIN
2020-02-25,1640.0,1651.95,1625.0,1638.75,1784.95,1382.2,SUNDARMFIN
2020-02-24,1643.15,1645.0,1625.0,1640.0,1784.95,1382.2,SUNDARMFIN
2020-02-20,1650.0,1650.0,1632.95,1645.55,1784.95,1332.6,SUNDARMFIN
2020-02-19,1646.3,1646.3,1603.95,1638.4,1784.95,1332.6,SUNDARMFIN
2020-02-18,1635.0,1654.7,1620.0,1626.0,1784.95,1332.6,SUNDARMFIN
2020-02-17,1641.0,1656.75,1635.1,1640.95,1784.95,1332.6,SUNDARMFIN
2020-02-14,1644.0,1675.95,1635.0,1639.8,1784.95,1329.6,SUNDARMFIN
2020-02-13,1653.0,1659.75,1637.0,1643.6,1784.95,1329.6,SUNDARMFIN
2020-02-12,1665.6,1672.95,1646.0,1655.4,1784.95,1329.6,SUNDARMFIN
2020-02-11,1670.0,1700.0,1653.05,1665.6,1784.95,1329.6,SUNDARMFIN
2020-02-10,1691.0,1750.0,1670.0,1699.95,1784.95,1329.6,SUNDARMFIN
2020-02-07,1694.95,1709.7,1675.1,1690.7,1784.95,1329.6,SUNDARMFIN
2020-02-06,1673.0,1709.6,1660.0,1674.15,1784.95,1329.6,SUNDARMFIN
2020-02-05,1670.0,1784.95,1644.0,1669.2,1784.95,1329.6,SUNDARMFIN
2020-02-04,1652.0,1666.25,1645.05,1652.75,1732.9,1329.6,SUNDARMFIN
