DATE,OPEN,HIGH,LOW,CLOSE,52W H,52W L,SYMBOL
2021-10-29,48.9,49.5,47.65,49.15,85.0,26.7,TERASOFT
2021-10-28,50.5,51.55,48.15,48.4,85.0,26.1,TERASOFT
2021-10-27,51.35,52.75,50.15,50.65,85.0,26.1,TERASOFT
2021-10-26,50.0,53.2,50.0,52.4,85.0,25.6,TERASOFT
2021-10-25,54.0,54.0,50.0,50.7,85.0,24.7,TERASOFT
2021-10-22,53.45,54.1,51.5,51.85,85.0,24.0,TERASOFT
2021-10-21,53.5,53.5,51.1,52.3,85.0,24.0,TERASOFT
2021-10-20,55.0,55.35,51.55,52.2,85.0,24.0,TERASOFT
2021-10-19,58.0,58.0,54.2,54.25,85.0,24.0,TERASOFT
2021-10-18,58.65,58.65,56.1,57.05,85.0,24.0,TERASOFT
2021-10-14,53.25,55.9,53.2,55.9,85.0,24.0,TERASOFT
2021-10-13,55.85,56.95,53.25,53.25,85.0,24.0,TERASOFT
2021-10-12,56.45,58.0,56.05,56.05,85.0,23.85,TERASOFT
2021-07-28,70.2,72.7,67.1,68.65,85.0,23.8,TERASOFT
2021-07-27,72.0,73.85,68.55,70.1,85.0,23.8,TERASOFT
2021-07-26,75.0,75.95,70.6,71.35,85.0,23.8,TERASOFT
2021-07-23,82.0,82.0,74.2,74.85,85.0,23.8,TERASOFT
2021-07-22,81.9,83.45,79.0,79.65,85.0,23.8,TERASOFT
2021-07-20,82.2,85.0,77.2,79.2,85.0,23.8,TERASOFT
2021-07-19,78.0,84.75,75.1,81.55,84.9,23.8,TERASOFT
2021-07-16,74.0,84.9,73.1,78.95,84.9,23.8,TERASOFT
2021-07-15,62.15,71.2,62.15,71.2,72.5,23.8,TERASOFT
2021-07-14,54.0,61.0,54.0,59.35,72.5,23.8,TERASOFT
2021-07-13,55.15,56.0,54.5,54.65,72.5,23.8,TERASOFT
2021-07-12,56.9,56.9,55.2,55.35,72.5,23.8,TERASOFT
2021-07-09,55.1,57.0,55.1,55.7,72.5,23.8,TERASOFT
2021-07-08,58.25,58.25,56.4,56.85,72.5,23.8,TERASOFT
2021-07-07,59.0,59.0,56.0,56.75,72.5,23.8,TERASOFT
2021-07-06,56.15,59.45,56.15,56.45,72.5,23.8,TERASOFT
2021-07-05,55.55,58.85,55.35,56.9,72.5,23.8,TERASOFT
2021-07-02,57.0,57.0,55.0,55.5,72.5,23.8,TERASOFT
2021-07-01,55.85,56.15,54.3,55.0,72.5,23.8,TERASOFT
2021-06-30,57.0,57.5,55.55,55.85,72.5,23.8,TERASOFT
2021-06-29,56.5,59.55,56.1,56.35,72.5,23.8,TERASOFT
2021-06-28,54.25,60.0,54.15,57.05,72.5,23.8,TERASOFT
2021-06-25,55.45,57.6,54.25,54.95,72.5,23.8,TERASOFT
2021-06-24,56.95,59.0,55.05,55.2,72.5,23.8,TERASOFT
2021-06-23,58.55,59.9,56.7,56.9,72.5,23.8,TERASOFT
2021-06-22,56.8,62.0,56.1,58.3,72.5,23.8,TERASOFT
2021-06-21,56.1,58.75,55.5,56.05,72.5,23.8,TERASOFT
2021-06-18,50.4,59.0,46.1,56.1,72.5,20.55,TERASOFT
2021-06-17,52.0,52.8,50.1,50.4,72.5,20.55,TERASOFT
2021-06-16,52.7,52.8,50.1,51.75,72.5,20.55,TERASOFT
2021-06-15,52.9,53.1,51.0,51.25,72.5,20.55,TERASOFT
2021-06-14,53.8,53.8,49.5,51.25,72.5,20.55,TERASOFT
2021-06-11,54.45,55.65,52.05,53.55,72.5,18.05,TERASOFT
2021-06-10,52.6,57.8,51.8,54.4,72.5,18.05,TERASOFT
2021-06-09,52.65,55.0,50.05,51.2,72.5,18.05,TERASOFT
2021-06-08,54.9,55.05,50.3,51.7,72.5,18.05,TERASOFT
2021-06-07,49.45,55.35,47.25,53.95,72.5,18.05,TERASOFT
2021-06-04,45.85,46.85,45.1,46.15,72.5,17.5,TERASOFT
2021-06-03,47.9,47.9,45.0,45.8,72.5,17.5,TERASOFT
2021-06-02,44.05,47.45,43.25,46.55,72.5,17.5,TERASOFT
2021-06-01,46.8,46.8,44.5,44.7,72.5,17.5,TERASOFT
2021-05-31,44.75,46.75,44.2,45.5,72.5,17.5,TERASOFT
2021-05-28,47.6,47.8,45.05,45.55,72.5,16.5,TERASOFT
2021-05-27,48.75,49.65,46.5,47.55,72.5,16.5,TERASOFT
2021-05-26,46.0,47.5,45.55,47.0,72.5,16.5,TERASOFT
2021-05-25,47.7,47.7,45.4,45.75,72.5,16.5,TERASOFT
2021-05-24,43.0,47.15,43.0,47.1,72.5,16.5,TERASOFT
2021-05-21,46.95,46.95,42.15,42.9,72.5,16.5,TERASOFT
2021-05-20,46.65,48.4,45.0,46.3,72.5,16.5,TERASOFT
2021-05-19,42.0,45.2,41.2,44.65,72.5,16.5,TERASOFT
2021-05-18,41.65,42.05,39.6,41.65,72.5,16.5,TERASOFT
2021-05-17,40.3,40.5,39.6,40.05,72.5,16.5,TERASOFT
2021-05-14,40.0,40.6,38.7,39.6,72.5,16.5,TERASOFT
2021-05-12,40.8,41.1,39.35,39.85,72.5,16.5,TERASOFT
2021-05-11,40.0,41.4,39.2,40.65,72.5,16.5,TERASOFT
2021-05-10,39.35,40.05,38.05,39.9,72.5,16.5,TERASOFT
2021-05-07,40.2,40.2,38.2,38.55,72.5,16.5,TERASOFT
2021-05-06,40.25,40.3,38.0,39.25,72.5,16.5,TERASOFT
2021-05-05,38.9,40.3,37.0,38.85,72.5,16.5,TERASOFT
2021-05-04,39.3,39.3,37.95,38.25,72.5,16.5,TERASOFT
2021-05-03,37.1,38.1,36.95,37.7,72.5,16.5,TERASOFT
2021-04-30,37.75,39.4,36.1,37.2,72.5,16.5,TERASOFT
2021-04-29,39.8,40.45,37.9,38.05,72.5,16.5,TERASOFT
2021-04-28,40.45,40.5,39.0,39.15,72.5,16.5,TERASOFT
2021-04-27,43.0,43.6,38.65,39.15,72.5,16.5,TERASOFT
2021-04-26,37.7,41.15,36.25,41.15,72.5,16.5,TERASOFT
2021-04-23,38.7,38.9,36.5,37.45,72.5,16.5,TERASOFT
2021-04-22,33.4,37.5,33.4,37.35,72.5,16.5,TERASOFT
2021-04-20,34.0,35.9,33.05,34.1,72.5,16.5,TERASOFT
2021-04-19,36.75,36.75,33.05,34.25,72.5,16.5,TERASOFT
2021-04-16,37.95,37.95,36.15,36.35,72.5,13.8,TERASOFT
2021-04-15,36.35,37.35,36.05,36.9,72.5,13.8,TERASOFT
2021-04-13,36.9,38.15,36.0,37.7,72.5,13.8,TERASOFT
2021-04-12,38.0,38.4,35.6,36.15,72.5,13.8,TERASOFT
2021-04-09,38.6,39.95,37.65,39.1,72.5,13.05,TERASOFT
2021-04-08,40.0,41.05,38.05,38.6,72.5,13.05,TERASOFT
2021-04-07,39.1,40.0,38.5,39.05,72.5,13.05,TERASOFT
2021-04-06,38.95,39.35,38.2,38.85,72.5,13.05,TERASOFT
2021-04-05,40.0,40.9,37.6,38.05,72.5,13.05,TERASOFT
2021-04-01,39.0,39.7,38.4,39.55,72.5,12.05,TERASOFT
2021-03-31,36.25,38.4,36.25,37.85,72.5,12.05,TERASOFT
2021-03-30,37.05,37.25,36.0,36.6,72.5,12.05,TERASOFT
2021-03-26,38.0,38.05,36.05,36.3,72.5,12.05,TERASOFT
2021-03-25,38.2,38.4,36.75,37.25,72.5,12.05,TERASOFT
2021-03-24,40.5,40.5,38.35,38.55,72.5,12.05,TERASOFT
2021-03-23,38.7,39.1,38.1,39.1,72.5,12.05,TERASOFT
2021-03-22,36.6,38.2,35.2,37.25,72.5,12.05,TERASOFT
2021-03-19,36.05,37.5,35.8,36.45,72.5,12.05,TERASOFT
2021-03-18,40.7,40.7,37.2,37.55,72.5,12.05,TERASOFT
2021-03-17,41.35,41.4,38.9,39.0,72.5,12.05,TERASOFT
2021-03-16,40.35,40.35,39.5,40.35,72.5,12.05,TERASOFT
2021-03-15,40.85,40.85,38.0,38.45,72.5,12.05,TERASOFT
2021-03-12,40.95,41.1,39.65,40.0,72.5,12.05,TERASOFT
2021-03-10,41.55,41.55,40.3,40.6,72.5,12.05,TERASOFT
2021-03-09,40.5,41.8,40.1,40.85,72.5,12.05,TERASOFT
2021-03-08,42.05,42.4,40.3,40.6,72.5,12.05,TERASOFT
2021-03-05,41.85,41.9,40.2,40.95,72.5,12.05,TERASOFT
2021-03-04,42.3,42.3,41.2,41.45,72.5,12.05,TERASOFT
2021-03-03,43.25,43.25,41.65,41.9,72.5,12.05,TERASOFT
2021-03-02,43.6,43.6,41.5,42.35,72.5,12.05,TERASOFT
2021-03-01,41.25,43.3,41.0,42.05,72.5,12.05,TERASOFT
2021-02-26,42.0,42.9,40.0,41.25,72.5,12.05,TERASOFT
2021-02-25,42.0,42.2,40.25,42.05,72.5,12.05,TERASOFT
2021-02-24,41.0,41.5,39.7,40.2,72.5,12.05,TERASOFT
2021-02-23,39.5,41.35,39.5,39.75,72.5,12.05,TERASOFT
2021-02-22,41.2,41.75,39.3,39.4,72.5,12.05,TERASOFT
2021-02-19,42.1,43.85,41.25,41.35,72.5,12.05,TERASOFT
2021-02-18,43.1,44.4,43.05,43.4,72.5,12.05,TERASOFT
2021-02-17,43.0,44.1,43.0,43.75,72.5,12.05,TERASOFT
2021-02-16,44.9,44.95,42.8,43.05,72.5,12.05,TERASOFT
2021-02-15,46.0,46.85,44.5,44.9,72.5,12.05,TERASOFT
2021-02-12,47.5,48.5,46.5,46.75,72.5,12.05,TERASOFT
2021-02-11,47.2,48.7,45.1,46.9,72.5,12.05,TERASOFT
2021-02-10,47.5,47.75,46.05,46.4,72.5,12.05,TERASOFT
2021-02-09,46.0,48.45,46.0,48.05,72.5,12.05,TERASOFT
2021-02-08,48.8,48.8,46.0,46.15,72.5,12.05,TERASOFT
2021-02-05,48.25,49.1,47.0,47.35,72.5,12.05,TERASOFT
2021-02-04,48.8,48.8,45.7,47.25,72.5,12.05,TERASOFT
2021-02-03,48.35,49.1,47.35,47.75,72.5,12.05,TERASOFT
2021-02-02,49.9,51.7,48.05,48.65,72.5,12.05,TERASOFT
2021-02-01,48.75,50.7,46.35,49.9,72.5,12.05,TERASOFT
2021-01-29,46.95,48.75,46.85,48.75,72.5,12.05,TERASOFT
2021-01-28,42.3,46.45,42.1,46.45,72.5,12.05,TERASOFT
2021-01-27,45.0,45.25,44.25,44.25,72.5,12.05,TERASOFT
2021-01-25,48.95,49.9,46.55,46.55,72.5,12.05,TERASOFT
2021-01-22,51.5,51.95,48.25,48.95,72.5,12.05,TERASOFT
2021-01-21,51.6,52.9,50.4,50.45,72.5,12.05,TERASOFT
2021-01-20,56.05,56.9,52.15,53.05,72.5,12.05,TERASOFT
2021-01-19,53.7,54.65,52.1,54.65,72.5,12.05,TERASOFT
2021-01-18,54.45,55.5,51.75,52.05,72.5,12.05,TERASOFT
2021-01-15,55.95,57.35,54.15,54.45,72.5,12.05,TERASOFT
2021-01-14,59.9,59.9,55.15,55.6,72.5,12.05,TERASOFT
2021-01-13,59.1,61.85,56.5,57.75,72.5,12.05,TERASOFT
2021-01-12,64.0,64.0,59.1,59.2,72.5,12.05,TERASOFT
2021-01-11,56.5,62.2,56.5,62.2,72.5,12.05,TERASOFT
2021-01-08,59.25,59.25,59.25,59.25,72.5,12.05,TERASOFT
2021-01-07,64.0,64.2,62.35,62.35,72.5,12.05,TERASOFT
2021-01-06,71.0,72.5,65.6,65.6,72.5,12.05,TERASOFT
2021-01-05,69.05,69.05,66.15,69.05,69.05,12.05,TERASOFT
2021-01-04,65.8,65.8,64.5,65.8,65.8,12.05,TERASOFT
2021-01-01,58.5,62.7,58.5,62.7,62.7,12.05,TERASOFT
2020-12-31,52.8,57.0,51.0,57.0,57.0,12.05,TERASOFT
2020-12-30,48.5,51.85,47.65,51.85,54.65,12.05,TERASOFT
2020-12-29,49.4,50.0,46.7,47.15,54.65,12.05,TERASOFT
2020-12-28,51.25,51.8,48.0,49.0,54.65,12.05,TERASOFT
2020-12-24,54.5,54.65,48.0,49.25,54.65,12.05,TERASOFT
2020-12-23,51.0,53.2,50.8,53.2,53.2,12.05,TERASOFT
2020-12-22,43.9,48.4,36.4,48.4,48.4,12.05,TERASOFT
2020-12-21,36.5,41.15,36.2,40.35,41.15,12.05,TERASOFT
2020-12-18,31.95,36.3,29.6,34.3,36.5,12.05,TERASOFT
2020-12-17,31.5,33.4,30.8,31.05,36.5,12.05,TERASOFT
2020-12-16,32.0,33.9,31.05,31.9,36.5,12.05,TERASOFT
2020-12-15,31.45,31.85,31.0,31.35,36.5,12.05,TERASOFT
2020-12-14,32.2,32.5,31.0,31.45,36.5,12.05,TERASOFT
2020-12-11,32.4,32.4,31.15,31.6,36.5,12.05,TERASOFT
2020-12-10,31.45,32.25,30.6,31.75,36.5,12.05,TERASOFT
2020-12-09,33.0,33.0,31.15,31.65,36.5,12.05,TERASOFT
2020-12-08,30.05,33.0,30.0,32.05,36.5,12.05,TERASOFT
2020-12-07,30.6,30.8,29.3,30.4,36.5,12.05,TERASOFT
2020-12-04,30.0,30.9,29.55,30.3,36.5,12.05,TERASOFT
2020-12-03,30.6,30.9,29.2,30.0,36.5,12.05,TERASOFT
2020-12-02,31.3,31.35,29.65,30.3,36.5,12.05,TERASOFT
2020-12-01,30.6,31.65,28.7,30.65,36.5,12.05,TERASOFT
2020-11-27,29.05,32.7,29.0,31.0,36.5,12.05,TERASOFT
2020-11-26,28.65,29.85,28.5,29.1,36.5,12.05,TERASOFT
2020-11-25,29.35,29.85,28.5,28.9,36.5,12.05,TERASOFT
2020-11-24,30.65,30.9,29.1,29.35,36.5,12.05,TERASOFT
2020-11-23,29.0,30.95,28.0,29.9,36.5,12.05,TERASOFT
2020-11-20,28.85,28.85,28.3,28.6,36.5,12.05,TERASOFT
2020-11-19,28.45,29.0,28.1,28.7,36.5,12.05,TERASOFT
2020-11-18,28.85,29.1,28.4,28.5,36.5,12.05,TERASOFT
2020-11-17,30.0,30.0,28.5,28.65,36.5,12.05,TERASOFT
2020-11-14,30.0,30.45,26.8,28.75,36.5,12.05,TERASOFT
2020-11-13,30.8,32.5,29.15,30.45,36.5,12.05,TERASOFT
2020-11-12,29.55,30.25,29.2,29.85,36.5,12.05,TERASOFT
2020-11-11,28.8,30.0,28.75,29.55,36.5,12.05,TERASOFT
2020-11-10,29.3,29.95,28.2,28.75,36.5,12.05,TERASOFT
2020-11-09,28.5,29.3,28.5,28.95,36.5,12.05,TERASOFT
2020-11-06,29.45,29.7,28.4,28.5,36.5,12.05,TERASOFT
2020-11-05,28.5,30.45,28.2,28.95,36.5,12.05,TERASOFT
2020-11-04,29.0,30.25,28.3,28.45,36.5,12.05,TERASOFT
2020-11-03,30.4,30.9,28.6,29.1,36.5,12.05,TERASOFT
2020-11-02,33.5,33.5,30.1,30.4,36.5,12.05,TERASOFT
2020-10-30,34.5,34.5,31.65,32.5,36.5,12.05,TERASOFT
2020-10-29,33.95,36.3,33.15,34.2,36.5,12.05,TERASOFT
2020-10-28,29.95,35.5,28.65,33.6,36.5,12.05,TERASOFT
2020-10-27,32.05,32.9,29.25,29.6,36.5,12.05,TERASOFT
2020-10-26,27.35,31.9,26.7,30.8,36.5,12.05,TERASOFT
2020-10-23,26.85,27.65,26.6,27.2,36.5,12.05,TERASOFT
2020-10-22,27.15,27.5,26.1,26.8,36.5,12.05,TERASOFT
2020-10-21,27.3,27.8,27.15,27.35,36.5,12.05,TERASOFT
2020-10-20,27.8,28.0,27.25,27.4,36.5,12.05,TERASOFT
2020-10-19,28.1,28.6,27.6,27.75,36.5,12.05,TERASOFT
2020-10-16,27.35,28.6,27.2,28.1,36.5,12.05,TERASOFT
2020-10-15,28.45,28.75,27.25,27.3,36.5,12.05,TERASOFT
2020-10-14,29.6,30.2,28.1,28.8,36.5,12.05,TERASOFT
2020-10-13,29.7,30.4,29.1,29.25,36.5,12.05,TERASOFT
2020-10-12,30.25,31.9,29.4,29.7,36.5,12.05,TERASOFT
2020-10-09,28.95,31.0,27.6,30.25,36.5,12.05,TERASOFT
2020-10-08,26.3,29.35,26.3,28.15,36.5,12.05,TERASOFT
2020-10-07,26.0,26.35,25.7,26.1,36.5,12.05,TERASOFT
2020-10-06,25.85,26.65,25.8,26.4,36.5,12.05,TERASOFT
2020-10-05,26.35,26.6,25.6,25.6,36.5,12.05,TERASOFT
2020-10-01,24.7,27.25,24.7,26.75,36.5,12.05,TERASOFT
2020-09-30,26.8,26.8,26.0,26.25,36.5,12.05,TERASOFT
2020-09-29,27.4,27.5,26.2,26.8,36.5,12.05,TERASOFT
2020-09-28,25.95,28.0,25.1,26.95,36.5,12.05,TERASOFT
2020-09-25,25.35,26.05,24.5,25.75,36.5,12.05,TERASOFT
2020-09-24,24.95,25.35,24.0,24.8,36.5,12.05,TERASOFT
2020-09-23,25.75,26.15,25.5,25.6,36.5,12.05,TERASOFT
2020-09-22,26.85,26.85,25.6,25.75,36.5,12.05,TERASOFT
2020-09-21,27.0,27.0,25.9,26.25,36.5,12.05,TERASOFT
2020-09-18,26.9,27.4,26.4,26.65,36.5,12.05,TERASOFT
2020-09-17,26.55,27.4,26.25,26.35,36.5,12.05,TERASOFT
2020-09-16,27.25,27.85,25.95,26.55,36.5,12.05,TERASOFT
2020-09-15,27.2,28.0,26.9,27.2,36.5,12.05,TERASOFT
2020-09-14,26.85,28.1,26.7,27.15,36.5,12.05,TERASOFT
2020-09-11,26.6,27.4,26.45,26.85,36.5,12.05,TERASOFT
2020-09-10,26.0,27.4,26.0,26.8,36.5,12.05,TERASOFT
2020-09-09,27.7,27.7,25.65,26.2,36.5,12.05,TERASOFT
2020-09-08,29.0,29.0,27.2,27.45,36.5,12.05,TERASOFT
2020-09-07,29.9,30.9,29.9,30.2,36.5,12.05,TERASOFT
2020-09-04,29.2,30.5,29.2,29.65,36.5,12.05,TERASOFT
2020-09-03,32.0,32.95,29.9,30.5,36.5,12.05,TERASOFT
2020-09-02,27.4,30.45,27.0,30.45,36.5,12.05,TERASOFT
2020-09-01,28.0,28.65,26.9,27.7,36.5,12.05,TERASOFT
2020-08-31,30.9,31.5,27.25,28.45,36.5,12.05,TERASOFT
2020-08-28,32.1,32.3,29.95,30.05,36.5,12.05,TERASOFT
2020-08-27,32.25,33.35,31.4,31.7,36.5,12.05,TERASOFT
2020-08-26,31.1,32.4,31.0,32.25,36.5,12.05,TERASOFT
2020-08-25,31.7,31.95,30.15,31.0,36.5,12.05,TERASOFT
2020-08-24,31.5,32.8,30.9,31.4,36.5,12.05,TERASOFT
2020-08-21,30.25,31.8,29.8,31.25,36.5,12.05,TERASOFT
2020-08-20,29.7,30.15,29.0,29.65,36.5,12.05,TERASOFT
2020-08-19,29.5,29.85,28.85,29.3,36.5,12.05,TERASOFT
2020-08-18,29.65,30.3,28.9,29.4,36.5,12.05,TERASOFT
2020-08-17,30.4,30.4,29.15,29.55,36.5,12.05,TERASOFT
2020-08-14,28.8,31.2,28.25,29.95,36.5,12.05,TERASOFT
2020-08-13,29.0,29.5,28.3,29.05,36.5,12.05,TERASOFT
2020-08-12,29.0,29.0,27.65,28.5,36.5,12.05,TERASOFT
2020-08-11,31.8,32.75,28.55,29.0,36.5,12.05,TERASOFT
2020-08-10,28.6,30.85,28.6,30.85,36.5,12.05,TERASOFT
2020-08-07,26.9,28.05,25.65,28.05,46.8,12.05,TERASOFT
2020-08-06,24.45,25.5,24.15,25.5,46.8,12.05,TERASOFT
2020-08-05,24.35,24.6,23.85,24.3,46.8,12.05,TERASOFT
2020-08-04,24.0,24.4,23.9,24.05,46.8,12.05,TERASOFT
2020-08-03,24.1,24.65,24.0,24.25,46.8,12.05,TERASOFT
2020-07-31,23.8,25.0,23.8,24.25,46.8,12.05,TERASOFT
2020-07-30,24.6,25.4,24.6,24.9,46.8,12.05,TERASOFT
2020-07-29,24.55,25.05,24.5,24.6,46.8,12.05,TERASOFT
2020-07-28,24.85,25.2,24.55,24.7,46.8,12.05,TERASOFT
2020-07-27,24.65,25.45,24.4,25.0,46.8,12.05,TERASOFT
2020-07-24,25.0,25.0,24.3,24.65,46.8,12.05,TERASOFT
2020-07-23,25.35,25.85,24.8,25.0,46.8,12.05,TERASOFT
2020-07-22,26.05,26.15,25.4,25.7,46.8,12.05,TERASOFT
2020-07-21,26.3,26.9,25.9,26.05,46.8,12.05,TERASOFT
2020-07-20,26.7,27.0,26.1,26.3,46.8,12.05,TERASOFT
2020-07-17,26.5,27.0,26.15,26.7,46.8,12.05,TERASOFT
2020-07-16,27.5,27.5,26.2,26.7,46.8,12.05,TERASOFT
2020-07-15,27.0,28.1,26.5,27.1,46.8,12.05,TERASOFT
2020-07-14,28.25,28.25,26.6,27.15,46.8,12.05,TERASOFT
2020-07-13,28.45,29.9,28.0,28.25,46.8,12.05,TERASOFT
2020-07-10,29.0,29.7,28.5,29.2,46.8,12.05,TERASOFT
2020-07-09,30.8,31.5,29.0,29.75,46.8,12.05,TERASOFT
2020-07-08,35.9,36.5,31.75,32.2,46.8,12.05,TERASOFT
2020-07-07,31.95,35.5,31.4,35.25,46.8,12.05,TERASOFT
2020-07-06,26.5,30.1,25.6,30.1,46.8,12.05,TERASOFT
2020-07-03,26.25,26.25,24.75,25.1,46.8,12.05,TERASOFT
2020-07-02,26.0,26.3,24.65,25.55,46.8,12.05,TERASOFT
2020-07-01,26.05,26.05,24.2,25.25,46.8,12.05,TERASOFT
2020-06-30,25.4,25.6,23.8,24.0,46.8,12.05,TERASOFT
2020-06-29,25.35,25.6,24.0,24.55,46.8,12.05,TERASOFT
2020-06-26,26.65,26.7,25.0,25.35,46.8,12.05,TERASOFT
2020-06-25,24.2,26.5,24.2,25.35,46.8,12.05,TERASOFT
2020-06-24,27.95,28.0,25.25,25.55,46.8,12.05,TERASOFT
2020-06-23,26.0,27.8,24.95,27.0,46.8,12.05,TERASOFT
2020-06-22,26.5,26.5,25.0,25.9,46.8,12.05,TERASOFT
2020-06-19,23.0,25.95,23.0,25.15,46.8,12.05,TERASOFT
2020-06-18,22.25,23.65,22.25,23.05,46.8,12.05,TERASOFT
2020-06-17,23.8,24.0,23.0,23.0,46.8,12.05,TERASOFT
2020-06-16,22.6,25.85,22.15,23.65,46.8,12.05,TERASOFT
2020-06-15,22.6,22.6,20.55,22.4,46.8,12.05,TERASOFT
2020-06-12,19.7,21.8,18.05,21.05,46.8,12.05,TERASOFT
2020-06-11,23.3,23.3,18.8,19.65,46.8,12.05,TERASOFT
2020-06-10,22.15,23.3,22.15,22.95,46.8,12.05,TERASOFT
2020-06-09,25.7,25.8,21.75,21.95,46.8,12.05,TERASOFT
2020-06-08,23.85,24.35,20.5,24.35,46.8,12.05,TERASOFT
2020-06-05,18.75,21.0,18.55,20.3,46.8,12.05,TERASOFT
2020-06-04,18.5,19.2,18.1,18.7,46.8,12.05,TERASOFT
2020-06-03,19.35,20.0,18.2,19.0,46.8,12.05,TERASOFT
2020-06-02,18.25,19.2,18.05,19.2,46.8,12.05,TERASOFT
2020-06-01,17.8,18.55,17.5,18.1,46.8,12.05,TERASOFT
2020-05-29,17.95,17.95,16.5,17.8,49.8,12.05,TERASOFT
2020-05-28,17.25,17.5,16.9,17.4,49.8,12.05,TERASOFT
2020-05-27,18.1,18.1,17.2,17.3,49.8,12.05,TERASOFT
2020-05-26,17.95,18.3,17.15,17.4,49.8,12.05,TERASOFT
2020-05-22,17.05,17.85,16.8,17.45,49.8,12.05,TERASOFT
2020-05-21,17.9,18.35,17.2,17.85,49.8,12.05,TERASOFT
2020-05-20,17.9,17.9,17.15,17.45,49.8,12.05,TERASOFT
2020-05-19,18.0,18.55,17.4,17.8,49.8,12.05,TERASOFT
2020-05-18,19.2,19.2,17.5,17.8,49.8,12.05,TERASOFT
2020-05-15,18.55,18.65,17.95,18.35,49.8,12.05,TERASOFT
2020-05-14,18.75,19.4,18.15,18.5,49.8,12.05,TERASOFT
2020-05-13,19.8,19.8,18.1,18.95,49.8,12.05,TERASOFT
2020-05-12,18.95,18.95,17.1,18.25,49.8,12.05,TERASOFT
2020-05-11,19.35,20.35,17.55,17.8,49.8,12.05,TERASOFT
2020-05-08,19.5,19.5,16.75,19.3,49.8,12.05,TERASOFT
2020-05-07,17.6,19.75,17.6,18.0,49.8,12.05,TERASOFT
2020-05-06,20.4,20.4,18.5,18.9,49.8,12.05,TERASOFT
2020-05-05,20.4,20.4,18.5,18.65,49.8,12.05,TERASOFT
2020-05-04,19.4,21.3,19.4,19.7,49.8,12.05,TERASOFT
2020-04-30,18.0,19.4,17.3,19.4,49.8,12.05,TERASOFT
2020-04-29,17.0,18.45,17.0,17.65,49.8,12.05,TERASOFT
2020-04-28,18.0,18.5,17.25,17.95,49.8,12.05,TERASOFT
2020-04-27,18.7,18.7,17.5,17.9,49.8,12.05,TERASOFT
2020-04-24,18.15,18.6,17.45,18.05,52.55,12.05,TERASOFT
2020-04-23,20.05,20.9,19.1,19.3,52.55,12.05,TERASOFT
2020-04-22,22.0,22.0,19.8,20.05,52.55,12.05,TERASOFT
2020-04-21,22.6,23.5,21.0,22.0,52.55,12.05,TERASOFT
2020-04-20,20.9,21.8,20.3,21.8,52.55,12.05,TERASOFT
2020-04-17,15.9,18.2,15.9,18.2,57.25,12.05,TERASOFT
2020-04-16,14.8,15.25,13.85,15.2,57.25,12.05,TERASOFT
2020-04-15,13.8,14.75,13.8,14.0,57.25,12.05,TERASOFT
2020-04-13,14.85,14.85,13.8,14.1,57.25,12.05,TERASOFT
2020-04-09,14.2,14.8,13.3,14.65,59.45,12.05,TERASOFT
2020-04-08,14.0,15.15,13.05,13.9,59.45,12.05,TERASOFT
2020-04-07,14.0,14.6,13.3,14.35,59.45,12.05,TERASOFT
2020-04-03,14.0,14.15,12.2,13.5,59.45,12.05,TERASOFT
2020-04-01,13.45,14.15,13.0,13.25,59.45,12.05,TERASOFT
2020-03-31,13.2,14.8,12.05,13.45,59.45,12.05,TERASOFT
2020-03-30,16.3,16.3,12.75,13.1,59.45,12.4,TERASOFT
2020-03-27,15.6,15.65,14.5,14.55,59.45,12.4,TERASOFT
2020-03-26,16.0,16.0,14.5,14.75,59.45,12.4,TERASOFT
2020-03-25,17.0,17.4,13.5,14.3,59.45,12.4,TERASOFT
2020-03-24,13.75,16.0,13.75,15.05,59.45,12.4,TERASOFT
2020-03-23,14.95,15.6,13.0,13.5,59.45,12.4,TERASOFT
2020-03-20,13.05,14.85,13.05,14.05,59.45,12.4,TERASOFT
2020-03-19,14.9,14.9,12.55,13.25,59.45,12.4,TERASOFT
2020-03-18,14.25,14.95,13.5,13.5,59.45,12.4,TERASOFT
2020-03-17,15.3,15.3,12.4,14.15,59.45,12.4,TERASOFT
2020-03-16,15.0,15.25,13.65,14.65,59.45,13.3,TERASOFT
2020-03-13,15.0,17.95,13.3,15.4,59.45,13.3,TERASOFT
2020-03-12,16.8,18.0,16.05,16.4,59.45,16.05,TERASOFT
2020-03-11,20.5,20.5,17.05,18.9,59.45,17.05,TERASOFT
2020-03-09,20.0,20.0,17.15,18.0,59.45,17.15,TERASOFT
2020-03-06,20.5,20.5,18.0,18.9,59.45,18.0,TERASOFT
2020-03-05,21.6,21.9,19.4,19.45,59.45,19.4,TERASOFT
2020-03-04,20.4,22.3,19.8,20.2,59.45,19.8,TERASOFT
2020-03-03,21.5,22.5,20.3,20.75,59.45,20.15,TERASOFT
2020-03-02,22.5,22.85,21.6,21.95,59.45,20.15,TERASOFT
2020-02-28,22.6,22.75,20.5,21.85,59.45,20.15,TERASOFT
2020-02-27,22.5,24.1,22.5,23.0,59.45,20.15,TERASOFT
2020-02-26,25.65,25.65,22.7,23.0,59.45,20.15,TERASOFT
2020-02-25,23.4,24.85,23.4,23.65,59.45,20.15,TERASOFT
2020-02-24,24.4,24.95,23.3,23.55,59.45,20.15,TERASOFT
2020-02-20,24.05,25.1,23.45,24.4,59.45,20.15,TERASOFT
2020-02-19,23.75,25.3,23.75,24.0,59.45,20.15,TERASOFT
2020-02-18,25.0,27.1,23.7,24.05,59.45,20.15,TERASOFT
2020-02-17,27.5,27.5,25.3,25.55,59.45,20.15,TERASOFT
2020-02-14,27.05,27.4,25.55,26.1,59.45,20.15,TERASOFT
2020-02-13,26.15,26.8,26.0,26.7,59.45,20.15,TERASOFT
2020-02-12,26.8,27.0,25.2,26.55,59.45,20.15,TERASOFT
2020-02-11,25.3,26.8,25.3,26.15,59.45,20.15,TERASOFT
2020-02-10,26.0,26.75,26.0,26.1,59.45,20.15,TERASOFT
2020-02-07,27.45,27.45,26.0,26.6,59.45,20.15,TERASOFT
2020-02-06,25.9,28.15,25.2,26.25,59.45,20.15,TERASOFT
2020-02-05,27.2,27.2,24.4,26.35,59.45,20.15,TERASOFT
2020-02-04,27.8,27.8,24.65,26.2,59.45,20.15,TERASOFT
2020-02-03,28.0,28.0,24.0,26.1,59.45,20.15,TERASOFT
2020-02-01,24.55,27.05,24.55,26.0,59.45,20.15,TERASOFT
2020-01-31,24.1,26.75,24.1,26.25,59.45,20.15,TERASOFT
2020-01-30,27.5,27.5,25.05,26.2,59.45,20.15,TERASOFT
2020-01-29,25.75,27.2,25.75,26.45,59.45,20.15,TERASOFT
2020-01-28,26.9,26.95,26.1,26.55,59.45,20.15,TERASOFT
2020-01-27,27.75,27.75,26.2,26.8,59.45,20.15,TERASOFT
2020-01-24,26.0,26.9,25.45,26.6,59.45,20.15,TERASOFT
2020-01-23,26.1,27.0,26.05,26.1,59.45,20.15,TERASOFT
2020-01-22,27.55,27.55,25.1,26.4,59.45,20.15,TERASOFT
2020-01-21,26.55,27.6,26.35,26.8,59.45,20.15,TERASOFT
2020-01-20,27.5,28.1,26.5,26.75,59.45,20.15,TERASOFT
2020-01-17,26.2,27.4,26.2,26.85,59.45,20.15,TERASOFT
2020-01-16,26.2,27.3,26.1,26.25,59.45,20.15,TERASOFT
2020-01-15,26.0,26.75,25.65,26.45,59.45,20.15,TERASOFT
2020-01-14,25.8,27.0,25.8,26.0,59.45,20.15,TERASOFT
2020-01-13,26.5,26.5,25.35,26.2,59.45,20.15,TERASOFT
2020-01-10,26.8,26.8,25.2,25.8,59.45,20.15,TERASOFT
2020-01-09,24.25,26.5,24.25,25.8,59.45,20.15,TERASOFT
2020-01-08,25.1,25.4,23.95,25.0,59.45,20.15,TERASOFT
2020-01-07,26.25,26.9,25.0,25.4,59.45,20.15,TERASOFT
2020-01-06,27.85,27.85,24.5,25.0,59.45,20.15,TERASOFT
2020-01-03,24.75,26.7,24.1,26.7,59.45,20.15,TERASOFT
2020-01-02,24.55,24.8,23.55,24.3,59.45,20.15,TERASOFT
2020-01-01,24.35,24.35,23.25,23.6,59.45,20.15,TERASOFT
2019-12-31,23.5,24.1,23.4,23.8,59.45,20.15,TERASOFT
2019-12-30,23.55,24.5,23.5,23.75,59.45,20.15,TERASOFT
2019-12-27,23.0,23.75,23.0,23.55,59.45,20.15,TERASOFT
2019-12-26,23.7,24.0,23.2,23.4,59.45,20.15,TERASOFT
2019-12-24,23.55,24.8,23.55,23.75,59.45,20.15,TERASOFT
2019-12-23,24.65,24.65,23.75,23.85,59.45,20.15,TERASOFT
2019-12-20,24.9,24.9,24.1,24.6,59.45,20.15,TERASOFT
2019-12-19,24.95,24.95,23.6,24.45,59.45,20.15,TERASOFT
2019-12-18,25.45,25.45,23.6,24.35,59.45,20.15,TERASOFT
2019-12-17,24.5,24.5,22.3,24.3,59.45,20.15,TERASOFT
2019-12-16,25.25,25.25,24.1,24.5,59.45,20.15,TERASOFT
2019-12-13,25.55,26.4,24.8,25.1,59.45,20.15,TERASOFT
2019-12-12,24.05,27.35,24.05,24.65,59.45,20.15,TERASOFT
2019-12-11,26.6,26.6,24.1,25.75,59.45,20.15,TERASOFT
2019-12-10,26.8,26.8,24.9,25.0,59.45,20.15,TERASOFT
2019-12-09,24.7,25.95,24.7,25.5,59.45,20.15,TERASOFT
2019-12-06,26.75,26.75,25.0,25.35,59.45,20.15,TERASOFT
2019-12-05,26.45,26.45,24.9,25.2,59.45,20.15,TERASOFT
2019-12-04,24.35,25.85,24.35,25.8,59.45,20.15,TERASOFT
2019-12-03,25.55,25.55,24.75,25.1,59.45,20.15,TERASOFT
2019-12-02,25.5,26.05,25.25,25.55,59.45,20.15,TERASOFT
2019-11-29,26.15,26.15,24.8,25.4,59.45,20.15,TERASOFT
2019-11-28,26.4,26.4,25.7,25.95,59.45,20.15,TERASOFT
2019-11-27,25.25,27.4,25.25,25.75,59.45,20.15,TERASOFT
2019-11-26,27.2,27.2,26.0,26.45,59.45,20.15,TERASOFT
2019-11-25,27.25,27.25,25.55,26.7,59.45,20.15,TERASOFT
2019-11-22,27.25,27.25,25.3,26.1,59.45,20.15,TERASOFT
2019-11-21,27.25,27.25,25.2,26.2,59.45,20.15,TERASOFT
2019-11-20,25.9,27.2,25.2,26.1,59.45,20.15,TERASOFT
2019-11-19,26.1,27.35,26.0,26.2,59.45,20.15,TERASOFT
2019-11-18,28.1,28.1,26.8,26.95,59.45,20.15,TERASOFT
2019-11-15,29.25,29.25,28.15,28.2,59.45,20.15,TERASOFT
2019-11-14,30.9,31.1,28.5,29.6,59.45,20.15,TERASOFT
2019-11-13,28.25,29.65,28.25,29.65,59.45,20.15,TERASOFT
2019-11-11,27.45,28.25,27.0,28.25,59.45,20.15,TERASOFT
2019-11-08,26.05,27.55,26.05,26.95,59.45,20.15,TERASOFT
2019-11-07,27.7,27.7,26.0,26.6,59.45,20.15,TERASOFT
2019-11-06,27.35,27.35,25.65,26.75,59.45,20.15,TERASOFT
2019-11-05,26.85,26.85,25.55,26.5,59.45,20.15,TERASOFT
2019-11-04,24.8,25.7,24.8,25.7,59.45,20.15,TERASOFT
2019-11-01,23.55,24.8,23.55,24.5,59.45,20.15,TERASOFT
2019-10-31,24.7,24.7,23.2,24.05,59.45,20.15,TERASOFT
2019-10-30,25.45,25.45,23.7,23.75,59.45,20.15,TERASOFT
2019-10-29,24.25,24.5,23.1,24.4,59.45,20.15,TERASOFT
2019-10-27,23.0,23.9,23.0,23.45,59.45,20.15,TERASOFT
2019-10-25,24.0,24.0,22.8,22.95,59.45,20.15,TERASOFT
2019-10-24,23.4,24.6,23.35,23.65,59.45,20.15,TERASOFT
2019-10-23,23.95,24.15,23.2,24.05,59.45,20.15,TERASOFT
2019-10-22,23.5,23.85,23.0,23.0,59.45,20.15,TERASOFT
2019-10-18,23.95,23.95,22.6,23.5,59.45,20.15,TERASOFT
2019-10-17,23.45,24.0,23.1,23.2,59.45,20.15,TERASOFT
2019-10-16,23.35,23.8,23.0,23.45,59.45,20.15,TERASOFT
2019-10-15,23.6,24.25,23.35,23.6,59.45,20.15,TERASOFT
2019-10-14,24.05,24.8,23.8,23.8,59.45,20.15,TERASOFT
2019-10-11,24.0,24.7,23.55,24.0,59.45,20.15,TERASOFT
2019-10-10,23.4,24.55,22.7,23.95,59.45,20.15,TERASOFT
2019-10-09,23.0,23.45,22.6,23.4,59.45,20.15,TERASOFT
2019-10-07,23.5,24.2,22.8,23.25,59.45,20.15,TERASOFT
2019-10-04,24.75,24.75,23.75,23.75,59.45,20.15,TERASOFT
2019-10-03,25.0,25.4,24.15,24.25,59.45,20.15,TERASOFT
2019-10-01,25.9,26.2,25.0,25.4,59.45,20.15,TERASOFT
2019-09-30,26.7,26.9,25.75,25.95,59.45,20.15,TERASOFT
2019-09-27,26.5,26.6,25.15,25.9,59.45,20.15,TERASOFT
2019-09-26,25.55,26.85,24.9,25.55,59.45,20.15,TERASOFT
2019-09-25,26.9,26.9,25.95,26.2,59.45,20.15,TERASOFT
2019-09-24,27.65,27.65,25.85,26.75,59.45,20.15,TERASOFT
2019-09-23,27.25,27.7,26.55,26.9,59.45,20.15,TERASOFT
2019-09-20,27.0,27.4,25.6,26.9,59.45,20.15,TERASOFT
2019-09-19,27.4,27.8,26.35,26.35,59.45,20.15,TERASOFT
2019-09-18,27.65,28.1,27.3,27.7,59.45,20.15,TERASOFT
2019-09-17,28.15,28.4,27.45,27.55,59.45,20.15,TERASOFT
2019-09-16,26.7,28.0,26.7,27.9,59.45,20.15,TERASOFT
2019-09-13,28.4,28.4,27.0,27.1,59.45,20.15,TERASOFT
2019-09-12,29.05,29.05,27.1,27.45,59.45,20.15,TERASOFT
2019-09-11,29.4,29.9,27.6,28.5,59.45,20.15,TERASOFT
2019-09-09,28.3,28.5,27.3,28.5,59.45,20.15,TERASOFT
2019-09-06,27.55,27.85,26.6,27.5,59.45,20.15,TERASOFT
2019-09-05,28.9,28.9,27.05,27.5,59.45,20.15,TERASOFT
2019-09-04,26.45,28.0,26.45,27.9,59.45,20.15,TERASOFT
2019-09-03,29.7,29.7,27.3,27.5,59.45,20.15,TERASOFT
2019-08-30,30.0,30.0,28.15,28.55,59.45,20.15,TERASOFT
2019-08-29,27.3,29.8,27.3,28.8,59.45,20.15,TERASOFT
2019-08-28,27.0,28.55,27.0,28.55,59.45,20.15,TERASOFT
2019-08-27,27.4,28.2,26.25,27.2,59.45,20.15,TERASOFT
2019-08-26,27.8,27.8,26.1,27.1,59.45,20.15,TERASOFT
2019-08-23,24.9,26.65,24.15,26.65,59.45,20.15,TERASOFT
2019-08-22,27.05,27.05,25.4,25.4,59.45,20.15,TERASOFT
2019-08-21,26.75,28.4,26.7,26.7,59.45,20.15,TERASOFT
2019-08-20,29.45,30.75,28.1,28.1,59.45,20.15,TERASOFT
2019-08-19,31.0,31.1,29.55,29.55,59.45,20.15,TERASOFT
2019-08-16,32.5,33.3,31.1,31.1,59.45,20.15,TERASOFT
2019-08-14,33.65,35.35,32.55,32.7,59.45,20.15,TERASOFT
2019-08-13,35.15,35.9,32.2,34.25,59.45,20.15,TERASOFT
2019-08-09,32.2,36.95,31.25,34.35,59.45,20.15,TERASOFT
2019-08-08,35.6,37.3,34.7,34.7,59.45,20.15,TERASOFT
2019-08-07,44.6,46.8,38.55,38.55,59.45,20.15,TERASOFT
2019-08-06,36.4,42.8,36.4,42.8,59.45,20.15,TERASOFT
2019-08-05,32.7,36.5,31.0,35.7,59.45,20.15,TERASOFT
2019-08-02,27.95,30.45,26.1,30.45,59.45,20.15,TERASOFT
2019-08-01,22.5,25.4,20.15,25.4,59.45,20.15,TERASOFT
2019-07-31,24.2,25.45,21.0,21.2,59.45,20.3,TERASOFT
2019-07-30,26.1,26.65,24.7,24.8,59.45,20.3,TERASOFT
2019-07-29,28.2,30.0,25.5,26.05,59.45,20.3,TERASOFT
2019-07-26,29.6,29.95,26.55,29.3,59.45,20.3,TERASOFT
2019-07-25,29.0,30.75,29.0,30.15,59.45,20.3,TERASOFT
2019-07-24,28.2,30.4,28.1,28.6,59.45,20.3,TERASOFT
2019-07-23,29.75,30.75,28.15,28.9,59.45,20.3,TERASOFT
2019-07-22,29.65,29.65,27.5,28.05,59.45,20.3,TERASOFT
2019-07-19,33.0,33.0,29.3,29.65,59.45,20.3,TERASOFT
2019-07-18,31.9,31.9,31.05,31.55,59.45,20.3,TERASOFT
2019-07-17,31.3,31.3,30.9,31.0,59.45,20.3,TERASOFT
2019-07-16,30.7,31.75,29.0,31.3,59.45,20.3,TERASOFT
2019-07-15,30.5,31.85,30.1,31.1,59.45,20.3,TERASOFT
2019-07-12,30.5,31.7,30.2,31.3,59.45,20.3,TERASOFT
2019-07-11,28.25,30.35,28.25,29.85,59.45,20.3,TERASOFT
2019-07-10,29.15,31.7,29.15,29.75,59.45,20.3,TERASOFT
2019-07-09,32.1,32.35,30.35,31.4,59.45,20.3,TERASOFT
2019-07-08,35.5,35.5,31.55,32.05,59.45,20.3,TERASOFT
2019-07-05,35.75,35.75,33.9,34.15,59.45,20.3,TERASOFT
2019-07-04,36.5,36.5,34.6,35.0,59.45,20.3,TERASOFT
2019-07-03,36.0,36.0,34.6,35.0,59.45,20.3,TERASOFT
2019-07-02,35.0,35.65,34.6,34.7,59.45,20.3,TERASOFT
2019-07-01,35.2,36.4,34.8,34.9,59.45,20.3,TERASOFT
2019-06-28,36.0,36.5,33.35,35.55,59.45,20.3,TERASOFT
2019-06-27,36.0,37.7,35.75,36.2,59.45,20.3,TERASOFT
2019-06-26,35.0,36.25,35.0,36.0,59.45,20.3,TERASOFT
2019-06-25,36.4,36.4,35.2,35.6,59.45,20.3,TERASOFT
2019-06-24,37.35,37.35,34.15,36.25,59.45,20.3,TERASOFT
2019-06-21,36.4,36.55,34.25,35.5,59.45,20.3,TERASOFT
2019-06-20,35.5,36.5,34.2,35.9,59.45,20.3,TERASOFT
2019-06-19,36.5,38.8,35.1,35.85,59.45,20.3,TERASOFT
2019-06-18,37.25,37.65,36.1,36.85,59.45,20.3,TERASOFT
2019-06-17,37.8,39.15,37.2,37.6,59.45,20.3,TERASOFT
2019-06-14,40.0,40.0,37.55,38.3,59.45,20.3,TERASOFT
2019-06-13,41.15,41.15,38.0,38.75,59.45,20.3,TERASOFT
2019-06-12,41.95,44.8,40.0,40.05,59.45,20.3,TERASOFT
2019-06-11,40.5,41.9,38.2,41.3,59.45,20.3,TERASOFT
2019-06-10,39.25,40.0,38.2,38.9,59.45,20.3,TERASOFT
2019-06-07,39.75,39.75,37.2,38.65,59.45,20.3,TERASOFT
2019-06-06,39.85,40.8,39.15,39.5,59.45,20.3,TERASOFT
2019-06-04,41.85,41.85,39.85,40.0,59.45,20.3,TERASOFT
2019-06-03,40.5,42.0,39.7,41.25,59.45,20.3,TERASOFT
2019-05-31,42.5,42.95,39.35,40.05,59.45,20.3,TERASOFT
2019-05-30,44.0,44.0,42.0,42.6,59.45,20.3,TERASOFT
2019-05-29,44.85,44.85,42.7,43.15,59.45,20.3,TERASOFT
2019-05-28,44.0,45.35,43.0,43.2,59.45,20.3,TERASOFT
2019-05-27,49.8,49.8,43.0,44.3,59.45,20.3,TERASOFT
2019-05-24,41.05,43.8,40.95,42.15,59.45,20.3,TERASOFT
2019-05-23,42.4,43.8,39.0,40.2,59.45,20.3,TERASOFT
2019-05-22,41.0,43.65,40.95,43.2,59.45,20.3,TERASOFT
2019-05-21,45.3,45.7,41.0,42.05,59.45,20.3,TERASOFT
2019-05-20,41.4,44.9,41.0,43.85,59.45,20.3,TERASOFT
2019-05-17,39.0,40.65,37.8,40.15,59.45,20.3,TERASOFT
2019-05-16,39.85,40.3,38.6,40.05,59.45,20.3,TERASOFT
2019-05-15,40.4,40.65,39.55,39.6,59.45,20.3,TERASOFT
2019-05-14,40.25,40.7,38.5,40.4,59.45,20.3,TERASOFT
2019-05-13,42.55,43.15,39.55,40.25,59.45,20.3,TERASOFT
2019-05-10,41.8,43.3,41.25,43.05,59.45,20.3,TERASOFT
2019-05-09,43.2,44.4,41.3,42.25,59.45,20.3,TERASOFT
2019-05-08,45.05,45.05,43.2,43.75,59.45,20.3,TERASOFT
2019-05-07,47.0,47.0,45.5,46.05,59.45,20.3,TERASOFT
2019-05-06,46.5,49.35,44.0,47.2,59.45,20.3,TERASOFT
2019-05-03,46.25,47.9,46.0,46.15,60.95,20.3,TERASOFT
2019-05-02,48.7,48.7,46.55,47.4,60.95,20.3,TERASOFT
2019-04-30,48.05,48.1,46.05,46.35,60.95,20.3,TERASOFT
2019-04-26,47.25,48.9,47.25,47.95,60.95,20.3,TERASOFT
2019-04-25,48.05,49.0,47.2,48.45,60.95,20.3,TERASOFT
2019-04-24,49.1,51.0,47.05,47.9,60.95,20.3,TERASOFT
2019-04-23,50.5,51.0,47.3,48.35,60.95,20.3,TERASOFT
2019-04-22,52.25,52.55,48.55,49.75,60.95,20.3,TERASOFT
2019-04-18,51.8,53.4,50.05,52.75,60.95,20.3,TERASOFT
2019-04-16,52.3,57.25,50.45,52.35,60.95,20.3,TERASOFT
2019-04-15,53.2,53.7,52.2,52.3,60.95,20.3,TERASOFT
2019-04-12,56.05,56.05,51.05,52.4,60.95,20.3,TERASOFT
2019-04-11,53.25,56.85,53.25,55.25,60.95,20.3,TERASOFT
2019-04-10,55.25,56.8,53.55,55.4,60.95,20.3,TERASOFT
2019-04-09,50.4,59.45,50.05,57.45,60.95,20.3,TERASOFT
2019-04-08,50.0,50.9,49.2,49.75,60.95,20.3,TERASOFT
2019-04-05,49.2,50.75,48.4,49.15,60.95,20.3,TERASOFT
2019-04-04,51.65,51.65,48.2,48.65,60.95,20.3,TERASOFT
2019-04-03,51.0,55.9,50.05,50.95,60.95,20.3,TERASOFT
2019-04-02,41.1,50.0,40.65,50.0,60.95,20.3,TERASOFT
2019-04-01,39.9,42.0,39.2,41.7,60.95,20.3,TERASOFT
2019-03-29,38.25,40.1,37.9,39.95,60.95,20.3,TERASOFT
2019-03-28,38.85,39.2,38.35,39.2,60.95,20.3,TERASOFT
2019-03-27,37.95,39.0,37.9,38.65,60.95,20.3,TERASOFT
2019-03-26,38.9,40.1,38.2,38.25,60.95,20.3,TERASOFT
2019-03-25,38.5,39.7,38.3,38.6,60.95,20.3,TERASOFT
2019-03-22,38.05,41.7,38.05,38.85,60.95,20.3,TERASOFT
2019-03-20,40.35,40.35,38.5,38.95,60.95,20.3,TERASOFT
2019-03-19,39.0,40.8,39.0,39.25,60.95,20.3,TERASOFT
2019-03-18,41.4,41.4,38.0,39.6,60.95,20.3,TERASOFT
2019-03-15,41.0,41.8,40.3,40.5,60.95,20.3,TERASOFT
2019-03-14,42.0,42.95,40.8,41.75,60.95,20.3,TERASOFT
2019-03-13,42.8,42.8,42.0,42.5,60.95,20.3,TERASOFT
2019-03-12,42.45,43.4,42.4,42.5,60.95,20.3,TERASOFT
2019-03-11,40.8,43.6,39.1,42.45,60.95,20.3,TERASOFT
2019-03-08,42.0,42.0,40.85,41.0,60.95,20.3,TERASOFT
2019-03-07,41.6,42.3,41.1,41.15,60.95,20.3,TERASOFT
2019-03-06,40.65,42.35,40.05,41.6,60.95,20.3,TERASOFT
2019-03-05,38.4,43.7,36.0,40.2,60.95,20.3,TERASOFT
2019-03-01,37.6,38.65,37.6,38.1,61.7,20.3,TERASOFT
2019-02-28,36.6,38.55,36.6,37.8,61.7,20.3,TERASOFT
2019-02-27,38.0,38.75,36.5,36.6,61.7,20.3,TERASOFT
2019-02-26,37.55,38.0,35.8,37.9,61.7,20.3,TERASOFT
2019-02-25,38.75,38.75,37.2,37.55,61.7,20.3,TERASOFT
2019-02-22,38.0,38.9,37.25,38.25,65.0,20.3,TERASOFT
2019-02-21,37.3,38.45,37.1,37.7,65.0,20.3,TERASOFT
2019-02-20,37.95,39.8,36.1,36.75,65.0,20.3,TERASOFT
2019-02-19,40.5,41.5,36.3,37.95,65.0,20.3,TERASOFT
2019-02-18,43.0,44.2,38.05,39.05,65.0,20.3,TERASOFT
2019-02-15,46.8,48.7,42.0,42.4,65.0,20.3,TERASOFT
2019-02-14,43.0,43.0,40.3,41.1,65.0,20.3,TERASOFT
2019-02-13,42.9,43.5,40.45,41.3,65.0,20.3,TERASOFT
2019-02-12,44.9,46.0,42.0,42.9,65.0,20.3,TERASOFT
2019-02-11,46.85,46.85,41.1,42.35,65.0,20.3,TERASOFT
2019-02-08,46.9,47.0,44.05,45.2,65.0,20.3,TERASOFT
2019-02-07,45.0,47.0,43.95,46.1,65.0,20.3,TERASOFT
2019-02-06,45.8,46.2,42.1,45.75,65.0,20.3,TERASOFT
2019-02-05,48.1,49.0,44.35,44.9,65.0,20.3,TERASOFT
2019-02-04,48.9,49.0,47.2,48.4,65.0,20.3,TERASOFT
2019-02-01,48.05,51.4,48.05,48.9,75.4,20.3,TERASOFT
2019-01-31,50.85,50.85,45.5,49.1,75.4,20.3,TERASOFT
2019-01-30,41.75,48.7,41.75,48.05,75.4,20.3,TERASOFT
2019-01-29,41.0,45.6,39.55,40.75,75.4,20.3,TERASOFT
2019-01-28,43.8,43.8,39.65,39.95,75.4,20.3,TERASOFT
2019-01-25,43.6,44.8,42.05,42.35,75.4,20.3,TERASOFT
2019-01-24,45.6,47.0,43.75,44.05,75.4,20.3,TERASOFT
2019-01-23,45.35,47.8,45.3,45.75,75.4,20.3,TERASOFT
2019-01-22,47.0,48.2,45.3,45.9,75.4,20.3,TERASOFT
2019-01-21,46.9,48.7,45.2,46.4,75.4,20.3,TERASOFT
2019-01-18,47.05,47.05,45.55,45.95,75.4,20.3,TERASOFT
2019-01-17,49.0,49.7,46.3,47.4,75.4,20.3,TERASOFT
2019-01-16,48.15,49.9,48.15,48.8,75.4,20.3,TERASOFT
2019-01-15,48.55,49.8,47.2,48.4,75.4,20.3,TERASOFT
2019-01-14,50.9,51.75,47.35,48.75,75.4,20.3,TERASOFT
2019-01-11,48.95,51.3,45.05,50.8,75.4,20.3,TERASOFT
2019-01-10,53.2,54.9,47.8,48.95,75.4,20.3,TERASOFT
2019-01-09,44.75,52.5,43.0,52.5,75.4,20.3,TERASOFT
2019-01-08,41.0,44.0,40.1,43.75,75.4,20.3,TERASOFT
2019-01-07,40.5,42.9,40.5,41.35,75.4,20.3,TERASOFT
2019-01-04,38.2,41.0,38.0,40.25,75.4,20.3,TERASOFT
2019-01-03,39.5,39.95,38.3,38.55,75.4,20.3,TERASOFT
2019-01-02,40.0,41.8,37.6,39.85,75.4,20.3,TERASOFT
2019-01-01,37.8,40.45,37.0,39.45,75.4,20.3,TERASOFT
2018-12-31,36.0,38.0,34.1,37.15,75.4,20.3,TERASOFT
2018-12-28,36.25,36.8,35.2,36.4,77.8,20.3,TERASOFT
2018-12-27,33.25,39.4,33.25,36.15,77.8,20.3,TERASOFT
2018-12-26,32.5,33.2,32.4,33.15,77.8,20.3,TERASOFT
2018-12-24,32.15,33.0,31.8,32.95,77.8,20.3,TERASOFT
2018-12-21,33.05,33.4,32.0,33.05,77.8,20.3,TERASOFT
2018-12-20,33.4,33.65,32.5,33.05,77.8,20.3,TERASOFT
2018-12-19,33.0,33.35,32.6,33.2,77.8,20.3,TERASOFT
2018-12-18,31.0,33.1,30.75,32.95,77.8,20.3,TERASOFT
2018-12-17,32.25,32.25,30.9,31.0,77.8,20.3,TERASOFT
2018-12-14,31.85,32.2,31.0,32.0,77.8,20.3,TERASOFT
2018-12-13,30.5,32.8,30.15,31.0,77.8,20.3,TERASOFT
2018-12-12,29.7,30.4,28.5,30.05,77.8,20.3,TERASOFT
2018-12-11,28.1,29.8,28.1,29.4,77.8,20.3,TERASOFT
2018-12-10,29.0,30.75,27.45,28.05,77.8,20.3,TERASOFT
2018-12-07,28.1,32.0,27.35,30.2,77.8,20.3,TERASOFT
2018-12-06,28.0,28.35,27.0,27.05,77.8,20.3,TERASOFT
2018-12-05,27.7,28.85,27.7,28.5,77.8,20.3,TERASOFT
2018-12-04,28.65,28.7,27.9,28.15,77.8,20.3,TERASOFT
2018-12-03,28.5,29.0,27.5,28.3,77.8,20.3,TERASOFT
2018-11-30,29.0,29.7,28.7,28.85,77.8,20.3,TERASOFT
2018-11-29,29.9,29.9,28.7,29.8,77.8,20.3,TERASOFT
2018-11-28,29.9,29.9,28.9,29.2,77.8,20.3,TERASOFT
2018-11-27,29.55,30.8,29.0,29.4,77.8,20.3,TERASOFT
2018-11-26,30.7,30.7,29.55,29.95,77.8,20.3,TERASOFT
2018-11-22,30.3,30.8,29.3,30.05,77.8,20.3,TERASOFT
2018-11-21,29.5,30.2,29.2,29.6,77.8,20.3,TERASOFT
2018-11-20,30.0,30.65,29.55,29.8,77.8,20.3,TERASOFT
2018-11-19,29.5,31.3,29.35,30.9,77.8,20.3,TERASOFT
2018-11-16,31.15,31.95,29.8,30.6,77.8,20.3,TERASOFT
2018-11-15,33.0,33.5,30.3,31.6,77.8,20.3,TERASOFT
2018-11-14,38.0,38.0,33.05,33.4,77.8,20.3,TERASOFT
2018-11-13,28.8,34.1,27.8,34.1,77.8,20.3,TERASOFT
2018-11-12,28.15,28.8,27.7,28.45,77.8,20.3,TERASOFT
2018-11-09,28.25,28.6,27.25,27.8,80.8,20.3,TERASOFT
2018-11-07,29.95,29.95,26.6,27.9,80.8,20.3,TERASOFT
2018-11-06,29.2,30.0,28.8,29.2,80.8,20.3,TERASOFT
2018-11-05,29.5,30.2,28.8,29.1,80.8,20.3,TERASOFT
2018-11-02,30.9,32.45,28.9,29.7,80.8,20.3,TERASOFT
2018-11-01,24.5,27.45,23.15,27.45,80.8,20.3,TERASOFT
2018-10-31,25.7,26.8,20.3,22.9,80.8,20.3,TERASOFT
2018-10-30,25.9,26.75,25.1,25.2,80.8,23.35,TERASOFT
2018-10-29,24.0,26.2,23.35,26.2,80.8,23.35,TERASOFT
2018-10-26,24.5,25.5,23.5,24.2,80.8,23.5,TERASOFT
2018-10-25,24.85,24.85,24.2,24.55,80.8,23.55,TERASOFT
2018-10-24,25.95,25.95,24.5,24.8,80.8,23.55,TERASOFT
2018-10-23,25.55,26.35,25.0,25.95,80.8,23.55,TERASOFT
2018-10-22,26.7,27.35,25.5,25.55,80.8,23.55,TERASOFT
2018-10-19,26.95,27.0,25.25,25.95,80.8,23.55,TERASOFT
2018-10-17,28.95,28.95,26.5,26.65,80.8,23.55,TERASOFT
2018-10-16,26.95,27.4,26.2,26.75,80.8,23.55,TERASOFT
2018-10-15,28.85,28.85,25.55,26.3,80.8,23.55,TERASOFT
2018-10-12,24.85,28.95,24.85,26.0,80.8,23.55,TERASOFT
2018-10-11,24.75,25.4,24.55,25.4,80.8,23.55,TERASOFT
2018-10-10,25.05,25.65,23.55,25.2,80.8,23.55,TERASOFT
2018-10-09,25.7,25.85,23.55,25.05,80.8,23.55,TERASOFT
2018-10-08,26.25,27.8,25.05,25.7,80.8,25.05,TERASOFT
2018-10-05,27.5,28.4,25.55,26.25,80.8,25.55,TERASOFT
2018-10-04,26.7,29.65,26.05,28.35,80.8,26.05,TERASOFT
2018-10-03,26.6,28.4,26.6,28.4,80.8,26.1,TERASOFT
2018-10-01,28.25,28.25,26.1,27.1,80.8,26.1,TERASOFT
2018-09-28,30.2,31.0,27.65,28.25,80.8,27.65,TERASOFT
2018-09-27,29.0,31.5,28.95,30.65,80.8,28.7,TERASOFT
2018-09-26,29.1,29.8,28.75,29.05,80.8,28.7,TERASOFT
2018-09-25,29.5,29.7,28.75,29.35,80.8,28.7,TERASOFT
2018-09-24,29.6,30.3,28.7,29.5,80.8,28.7,TERASOFT
2018-09-21,30.55,31.95,29.6,30.5,80.8,29.5,TERASOFT
2018-09-19,32.0,32.0,30.75,31.3,80.8,29.5,TERASOFT
2018-09-18,30.25,32.4,30.25,32.15,80.8,29.5,TERASOFT
2018-09-17,32.35,32.35,30.1,31.05,80.8,29.5,TERASOFT
2018-09-14,32.15,32.15,29.5,30.9,80.8,29.5,TERASOFT
2018-09-12,30.5,32.2,29.6,30.45,80.8,29.6,TERASOFT
2018-09-11,34.2,34.2,31.0,31.1,80.8,31.0,TERASOFT
2018-09-10,32.6,33.9,32.2,32.3,80.8,32.0,TERASOFT
2018-09-07,33.7,34.45,32.75,33.15,80.8,32.0,TERASOFT
2018-09-06,34.85,34.85,33.4,33.45,80.8,32.0,TERASOFT
2018-09-05,35.2,35.2,33.5,34.7,80.8,32.0,TERASOFT
2018-09-04,33.95,34.65,33.6,34.4,80.8,32.0,TERASOFT
2018-09-03,32.0,34.95,32.0,33.95,80.8,32.0,TERASOFT
2018-08-31,33.5,34.4,33.4,33.95,80.8,32.5,TERASOFT
2018-08-30,34.0,34.3,33.05,33.5,80.8,32.5,TERASOFT
2018-08-29,33.8,34.4,32.5,32.95,80.8,32.5,TERASOFT
2018-08-28,34.0,34.95,34.0,34.15,80.8,33.65,TERASOFT
2018-08-27,34.2,34.9,34.0,34.4,80.8,33.65,TERASOFT
2018-08-24,34.05,35.95,34.05,34.6,80.8,33.65,TERASOFT
2018-08-23,35.7,36.0,34.0,35.3,80.8,33.65,TERASOFT
2018-08-21,35.95,35.95,35.15,35.85,80.8,33.65,TERASOFT
2018-08-20,35.45,35.8,34.6,35.25,80.8,33.65,TERASOFT
2018-08-17,35.8,36.7,35.05,35.45,80.8,33.65,TERASOFT
2018-08-16,35.1,36.8,34.25,34.85,80.8,33.65,TERASOFT
2018-08-14,35.75,36.45,35.5,36.0,80.8,33.65,TERASOFT
2018-08-13,35.6,38.7,35.6,35.7,80.8,33.65,TERASOFT
2018-08-10,38.85,38.85,35.85,36.5,80.8,33.65,TERASOFT
2018-08-09,38.8,38.85,36.5,37.05,80.8,33.65,TERASOFT
2018-08-08,35.75,37.6,35.75,37.1,80.8,33.65,TERASOFT
2018-08-07,37.9,38.35,37.1,37.1,80.8,33.65,TERASOFT
2018-08-06,38.7,38.7,36.45,37.8,80.8,33.65,TERASOFT
2018-08-03,36.0,37.2,36.0,37.15,80.8,33.65,TERASOFT
2018-08-02,37.1,37.1,35.45,35.65,80.8,33.65,TERASOFT
2018-08-01,36.2,36.95,35.8,35.95,80.8,33.65,TERASOFT
2018-07-31,38.1,40.1,37.15,37.3,80.8,33.65,TERASOFT
2018-07-30,38.05,39.45,38.05,39.1,80.8,33.65,TERASOFT
2018-07-27,38.05,39.0,37.0,37.7,80.8,33.65,TERASOFT
2018-07-26,37.0,38.5,37.0,38.2,80.8,33.65,TERASOFT
2018-07-25,35.75,37.5,35.75,37.0,80.8,33.65,TERASOFT
2018-07-24,34.5,35.75,34.5,35.75,80.8,33.65,TERASOFT
2018-04-11,49.6,49.6,47.7,48.45,108.8,35.5,TERASOFT
2018-04-10,51.0,51.65,48.0,49.8,108.8,35.5,TERASOFT
2018-04-09,49.55,51.65,49.35,51.2,108.8,35.5,TERASOFT
2018-04-06,52.4,52.4,49.0,49.4,108.8,35.5,TERASOFT
2018-04-05,51.7,54.6,51.0,52.0,108.8,35.5,TERASOFT
2018-04-04,49.45,54.8,49.45,51.2,108.8,35.5,TERASOFT
2018-04-03,40.0,47.75,38.95,47.75,108.8,35.5,TERASOFT
2018-04-02,37.6,40.6,37.6,39.8,108.8,35.5,TERASOFT
2018-03-28,38.0,38.4,37.0,37.15,108.8,35.5,TERASOFT
2018-03-27,37.0,38.35,37.0,38.25,108.8,35.5,TERASOFT
2018-03-26,40.0,40.0,35.5,36.95,108.8,35.5,TERASOFT
2018-03-23,41.0,41.35,38.65,39.25,108.8,38.65,TERASOFT
2018-03-22,42.35,43.7,42.0,42.35,108.8,42.0,TERASOFT
2018-03-21,43.0,45.0,42.4,42.65,108.8,42.05,TERASOFT
2018-03-20,44.1,44.95,42.05,42.8,108.8,42.05,TERASOFT
2018-03-19,47.8,48.0,43.7,44.1,108.8,43.7,TERASOFT
2018-03-16,49.45,51.0,46.6,47.1,108.8,46.6,TERASOFT
2018-03-15,48.5,50.2,48.0,49.45,108.8,47.6,TERASOFT
2018-03-14,50.2,50.2,48.0,48.75,108.8,47.6,TERASOFT
2018-03-13,48.15,50.0,48.0,49.55,108.8,47.6,TERASOFT
2018-03-12,49.35,50.5,48.0,49.1,108.8,47.6,TERASOFT
2018-03-09,52.0,52.0,48.55,48.9,108.8,47.6,TERASOFT
2018-03-08,50.1,51.35,47.6,50.35,108.8,47.6,TERASOFT
2018-03-07,54.0,55.2,50.5,50.65,108.8,50.5,TERASOFT
2018-03-06,56.4,57.25,54.3,55.0,108.8,52.2,TERASOFT
2018-03-05,57.2,57.45,55.6,56.35,108.8,52.2,TERASOFT
2018-03-01,58.0,58.6,57.0,57.25,108.8,52.2,TERASOFT
2018-02-28,56.95,58.4,56.05,57.55,108.8,52.2,TERASOFT
2018-02-27,60.0,60.1,56.7,56.95,108.8,52.2,TERASOFT
2018-02-26,59.0,61.7,58.5,59.15,108.8,52.2,TERASOFT
2018-02-23,60.05,62.25,58.5,59.15,108.8,52.2,TERASOFT
2018-02-22,62.0,62.0,59.25,60.45,108.8,52.2,TERASOFT
2018-02-21,63.1,64.5,61.3,62.85,108.8,52.2,TERASOFT
2018-02-20,57.0,65.0,56.5,63.1,108.8,52.2,TERASOFT
2018-02-19,59.05,60.0,56.55,57.55,108.8,52.2,TERASOFT
2018-02-16,62.85,62.85,59.5,60.1,108.8,52.2,TERASOFT
2018-02-15,63.55,63.6,61.8,62.2,108.8,52.2,TERASOFT
2018-02-14,62.2,64.8,61.1,62.8,108.8,52.2,TERASOFT
2018-02-12,61.8,64.45,61.8,63.25,108.8,52.2,TERASOFT
2018-02-09,62.0,62.9,60.0,61.55,114.0,52.2,TERASOFT
2018-02-08,62.4,63.3,61.0,62.5,114.0,52.2,TERASOFT
2018-02-07,56.15,63.7,56.15,61.3,114.0,52.2,TERASOFT
2018-02-06,57.8,57.8,53.2,55.75,114.0,52.2,TERASOFT
2018-02-05,55.3,59.0,53.0,58.2,114.0,52.2,TERASOFT
2018-02-02,64.9,64.9,59.0,59.9,116.0,52.2,TERASOFT
2018-02-01,67.6,67.6,64.0,65.0,116.0,52.2,TERASOFT
2018-01-31,68.0,68.95,66.8,67.15,116.0,52.2,TERASOFT
2018-01-30,74.2,74.7,68.15,68.6,116.0,52.2,TERASOFT
2018-01-29,70.0,75.4,66.9,73.7,116.0,52.2,TERASOFT
2018-01-25,71.4,71.8,68.55,68.75,121.5,52.2,TERASOFT
2018-01-24,71.35,74.8,69.35,71.0,121.5,52.2,TERASOFT
2018-01-23,65.75,74.75,65.25,70.7,121.5,52.2,TERASOFT
2018-01-22,65.0,65.4,63.55,65.15,121.5,52.2,TERASOFT
2018-01-19,66.6,67.0,64.25,65.2,125.75,52.2,TERASOFT
2018-01-18,68.95,70.0,65.5,66.35,125.75,52.2,TERASOFT
2018-01-17,68.5,69.1,66.8,68.95,125.75,52.2,TERASOFT
2018-01-16,71.75,71.75,67.8,68.25,125.75,52.2,TERASOFT
2018-01-15,72.05,72.65,70.3,71.1,125.75,52.2,TERASOFT
2018-01-12,71.8,72.7,70.1,71.9,128.9,52.2,TERASOFT
2018-01-11,72.1,73.4,70.8,70.9,128.9,52.2,TERASOFT
2018-01-10,74.8,75.0,71.25,71.95,128.9,52.2,TERASOFT
2018-01-09,70.9,75.4,70.2,74.15,128.9,52.2,TERASOFT
2018-01-08,71.05,72.0,70.3,70.4,128.9,52.2,TERASOFT
2018-01-05,71.4,72.6,70.55,70.8,132.85,52.2,TERASOFT
2018-01-04,71.0,73.0,69.15,70.5,132.85,52.2,TERASOFT
2018-01-03,71.4,72.0,69.85,70.1,132.85,52.2,TERASOFT
2018-01-02,72.6,72.8,70.4,70.85,132.85,52.2,TERASOFT
2018-01-01,73.15,74.75,71.5,72.55,132.85,52.2,TERASOFT
2017-12-29,72.5,76.95,72.0,73.5,132.85,52.2,TERASOFT
2017-12-28,76.85,77.7,72.1,72.5,132.85,52.2,TERASOFT
2017-12-27,74.0,77.8,70.0,77.8,132.85,52.2,TERASOFT
2017-12-26,64.05,65.35,63.0,64.85,132.85,52.2,TERASOFT
2017-12-22,62.95,66.5,62.95,63.95,132.85,52.2,TERASOFT
2017-12-21,62.85,63.9,61.05,63.2,132.85,52.2,TERASOFT
2017-12-20,61.0,63.0,60.0,62.85,132.85,52.2,TERASOFT
2017-12-19,61.5,63.85,60.25,61.05,132.85,52.2,TERASOFT
2017-12-18,63.45,63.45,60.1,61.25,132.85,52.2,TERASOFT
2017-12-15,62.55,63.5,61.0,61.65,132.85,52.2,TERASOFT
2017-12-14,64.0,64.45,60.15,62.25,132.85,52.2,TERASOFT
2017-12-13,66.3,67.3,63.25,64.45,132.85,52.2,TERASOFT
2017-12-12,64.05,67.8,63.05,65.05,132.85,52.2,TERASOFT
2017-12-11,68.3,68.3,64.5,64.8,132.85,52.2,TERASOFT
2017-12-08,67.5,69.75,67.1,67.7,132.85,52.2,TERASOFT
2017-12-07,65.5,68.9,64.1,66.85,132.85,52.2,TERASOFT
2017-12-06,62.1,65.0,61.95,63.85,132.85,52.2,TERASOFT
2017-12-05,63.4,64.95,62.2,63.1,132.85,52.2,TERASOFT
2017-12-04,63.0,65.0,63.0,63.5,132.85,52.2,TERASOFT
2017-12-01,63.35,64.95,63.0,63.25,132.85,52.2,TERASOFT
2017-11-30,64.0,66.5,62.75,63.3,132.85,52.2,TERASOFT
2017-11-29,65.25,66.0,63.4,64.6,132.85,52.2,TERASOFT
2017-11-28,68.35,69.0,64.1,64.75,132.85,52.2,TERASOFT
2017-11-27,69.45,69.45,64.5,65.8,132.85,52.2,TERASOFT
2017-11-24,64.95,68.05,64.0,67.0,132.85,52.2,TERASOFT
2017-11-23,67.4,67.4,63.65,64.65,132.85,52.2,TERASOFT
2017-11-22,63.3,68.0,62.35,66.35,132.85,52.2,TERASOFT
2017-11-21,63.5,64.95,61.55,63.8,132.85,52.2,TERASOFT
2017-11-20,62.0,63.65,61.55,63.2,132.85,52.2,TERASOFT
2017-11-17,62.75,63.9,61.25,62.5,132.85,52.2,TERASOFT
2017-11-16,61.1,61.6,58.55,60.35,132.85,52.2,TERASOFT
2017-11-15,64.35,64.35,56.7,59.25,132.85,52.2,TERASOFT
2017-11-14,64.1,65.75,62.0,62.35,132.85,52.2,TERASOFT
2017-11-13,68.4,68.8,59.9,64.1,132.85,52.2,TERASOFT
2017-11-10,69.05,70.9,65.0,65.8,132.85,52.2,TERASOFT
2017-11-09,69.35,72.05,68.0,69.9,132.85,52.2,TERASOFT
2017-11-08,74.5,75.4,69.05,70.05,132.85,52.2,TERASOFT
2017-11-07,78.8,80.8,70.05,73.1,132.85,52.2,TERASOFT
2017-11-06,71.75,79.0,71.4,76.7,132.85,52.2,TERASOFT
2017-11-03,59.0,69.05,57.25,69.05,132.85,52.2,TERASOFT
2017-11-02,56.55,57.75,55.2,57.55,132.85,52.2,TERASOFT
2017-11-01,55.05,56.8,54.65,56.3,132.85,52.2,TERASOFT
2017-10-31,55.0,56.4,54.25,54.65,132.85,52.2,TERASOFT
2017-10-30,58.85,58.85,54.3,55.15,132.85,52.2,TERASOFT
2017-10-27,55.95,58.55,54.2,56.8,132.85,52.2,TERASOFT
2017-10-26,53.15,57.0,53.15,56.0,132.85,52.2,TERASOFT
2017-10-25,53.0,54.5,52.95,54.1,132.85,52.2,TERASOFT
2017-10-24,53.0,54.6,52.8,53.6,132.85,52.2,TERASOFT
2017-10-23,54.0,55.65,53.05,53.8,132.85,52.2,TERASOFT
2017-10-19,53.1,54.9,52.55,54.05,132.85,52.2,TERASOFT
2017-10-18,53.1,54.7,52.75,53.95,132.85,52.2,TERASOFT
2017-10-17,55.0,55.5,53.6,54.0,132.85,52.2,TERASOFT
2017-10-16,58.85,58.85,55.1,55.8,132.85,52.2,TERASOFT
2017-10-13,53.5,59.5,53.35,56.6,132.85,52.2,TERASOFT
2017-10-12,54.0,54.7,53.0,53.9,132.85,52.2,TERASOFT
2017-10-11,53.05,55.6,52.7,54.5,132.85,52.2,TERASOFT
2017-10-10,54.15,56.3,52.2,53.7,132.85,52.2,TERASOFT
2017-10-09,54.0,55.85,53.45,55.1,132.85,53.45,TERASOFT
2017-10-06,55.0,55.75,54.0,55.0,132.85,54.0,TERASOFT
2017-10-05,56.1,56.8,54.4,55.1,132.85,54.4,TERASOFT
2017-10-04,58.45,58.45,55.7,55.95,132.85,55.7,TERASOFT
2017-10-03,58.6,59.1,57.05,57.4,132.85,56.4,TERASOFT
2017-09-29,57.55,59.5,57.25,57.35,132.85,56.4,TERASOFT
2017-09-28,57.8,58.85,56.4,57.45,132.85,56.4,TERASOFT
2017-09-27,61.85,61.85,57.2,57.8,132.85,57.2,TERASOFT
2017-09-26,60.2,61.0,58.0,60.75,132.85,58.0,TERASOFT
2017-09-25,61.0,61.0,59.2,60.0,132.85,59.0,TERASOFT
2017-09-22,62.05,62.35,60.75,61.45,132.85,59.0,TERASOFT
