DATE,OPEN,HIGH,LOW,LTP,CLOSE,52W H,52W L,SYMBOL
2021-07-26,2213.75,2231.95,2191.0,2203.0,2203.1,2299.0,1530.05,ZYDUSWELL
2021-07-23,2220.0,2243.8,2211.0,2211.0,2213.75,2299.0,1401.0,ZYDUSWELL
2021-07-22,2224.6,2275.0,2199.05,2212.55,2214.7,2299.0,1401.0,ZYDUSWELL
2021-07-20,2237.0,2240.0,2186.0,2207.95,2203.85,2299.0,1401.0,ZYDUSWELL
2021-07-19,2250.0,2270.0,2219.95,2225.0,2232.95,2299.0,1401.0,ZYDUSWELL
2021-07-16,2279.9,2290.0,2224.0,2265.0,2262.05,2299.0,1313.25,ZYDUSWELL
2021-07-15,2177.0,2284.8,2176.5,2250.0,2239.65,2299.0,1313.25,ZYDUSWELL
2021-07-14,2194.9,2210.3,2184.15,2189.0,2188.65,2299.0,1313.25,ZYDUSWELL
2021-07-13,2205.7,2215.0,2180.05,2192.0,2195.95,2299.0,1313.25,ZYDUSWELL
2021-07-12,2206.45,2229.0,2180.05,2189.15,2190.65,2299.0,1313.25,ZYDUSWELL
2021-07-09,2204.4,2230.0,2175.0,2190.0,2198.4,2299.0,1313.25,ZYDUSWELL
2021-07-08,2181.0,2224.0,2161.05,2187.0,2183.45,2299.0,1313.25,ZYDUSWELL
2021-07-07,2190.0,2190.0,2150.15,2170.0,2168.2,2299.0,1313.25,ZYDUSWELL
2021-07-06,2134.0,2188.0,2101.05,2184.0,2169.35,2299.0,1313.25,ZYDUSWELL
2021-07-05,2136.0,2144.3,2111.0,2120.0,2119.65,2299.0,1313.25,ZYDUSWELL
2021-07-02,2160.0,2177.0,2115.0,2115.0,2138.75,2299.0,1260.5,ZYDUSWELL
2021-07-01,2118.7,2155.0,2108.0,2145.0,2149.6,2299.0,1260.5,ZYDUSWELL
2021-06-30,2111.0,2119.0,2090.25,2104.0,2100.75,2299.0,1260.5,ZYDUSWELL
2021-06-29,2084.0,2106.0,2060.0,2105.0,2092.6,2299.0,1260.5,ZYDUSWELL
2021-06-28,2080.9,2110.0,2075.0,2079.0,2083.4,2299.0,1260.5,ZYDUSWELL
2021-06-25,2078.0,2087.9,2063.4,2065.3,2071.95,2299.0,1250.15,ZYDUSWELL
2021-06-24,2040.0,2093.8,2035.0,2084.95,2077.7,2299.0,1250.15,ZYDUSWELL
2021-06-23,2070.5,2070.5,2039.0,2040.0,2041.65,2299.0,1250.15,ZYDUSWELL
2021-06-22,2052.0,2079.45,2050.0,2055.05,2060.75,2299.0,1250.15,ZYDUSWELL
2021-06-21,2088.0,2088.05,2041.1,2071.85,2054.2,2299.0,1250.15,ZYDUSWELL
2021-06-18,2050.0,2118.5,1985.3,2115.05,2084.5,2299.0,1195.0,ZYDUSWELL
2021-06-17,2030.0,2058.9,2014.0,2045.55,2034.5,2299.0,1195.0,ZYDUSWELL
2021-06-16,2043.35,2076.6,2032.0,2046.7,2054.15,2299.0,1195.0,ZYDUSWELL
2021-06-15,2055.0,2060.0,2030.0,2035.0,2034.7,2299.0,1195.0,ZYDUSWELL
2021-06-14,2057.7,2061.45,2014.0,2049.9,2044.7,2299.0,1195.0,ZYDUSWELL
2021-06-11,2076.85,2082.95,2044.05,2047.0,2046.95,2299.0,1195.0,ZYDUSWELL
2021-06-10,2069.6,2087.0,2062.0,2070.0,2069.8,2299.0,1195.0,ZYDUSWELL
2021-06-09,2084.95,2084.95,2061.5,2063.0,2065.75,2299.0,1195.0,ZYDUSWELL
2021-06-08,2103.0,2110.0,2063.25,2072.0,2074.35,2299.0,1195.0,ZYDUSWELL
2021-06-07,2117.0,2125.0,2097.05,2103.0,2101.55,2299.0,1195.0,ZYDUSWELL
2021-06-04,2095.25,2107.45,2080.0,2091.0,2096.9,2299.0,1195.0,ZYDUSWELL
2021-06-03,2070.95,2107.7,2070.95,2085.0,2083.75,2299.0,1195.0,ZYDUSWELL
2021-06-02,2079.0,2092.5,2055.55,2060.0,2069.5,2299.0,1195.0,ZYDUSWELL
2021-06-01,2096.2,2100.0,2064.3,2079.0,2079.3,2299.0,1195.0,ZYDUSWELL
2021-05-31,2105.35,2120.0,2090.0,2094.95,2096.2,2299.0,1195.0,ZYDUSWELL
2021-05-28,2112.0,2112.7,2092.75,2099.9,2102.05,2299.0,1195.0,ZYDUSWELL
2021-05-27,2128.0,2129.15,2095.95,2112.0,2102.35,2299.0,1195.0,ZYDUSWELL
2021-05-26,2118.0,2146.45,2095.1,2115.0,2113.55,2299.0,1195.0,ZYDUSWELL
2021-05-25,2098.0,2122.0,2090.2,2118.0,2116.75,2299.0,1195.0,ZYDUSWELL
2021-05-24,2119.0,2119.95,2086.0,2103.0,2094.85,2299.0,1195.0,ZYDUSWELL
2021-05-21,2120.0,2120.0,2105.05,2108.0,2110.15,2299.0,1182.0,ZYDUSWELL
2021-05-20,2128.45,2136.7,2112.55,2118.0,2122.3,2299.0,1182.0,ZYDUSWELL
2021-05-19,2126.9,2128.8,2091.3,2117.95,2111.75,2299.0,1182.0,ZYDUSWELL
2021-05-18,2136.9,2138.8,2111.0,2124.9,2123.1,2299.0,1182.0,ZYDUSWELL
2021-05-17,2166.45,2178.4,2121.0,2121.0,2131.8,2299.0,1182.0,ZYDUSWELL
2021-05-14,2112.6,2160.0,2080.1,2150.0,2144.5,2299.0,1182.0,ZYDUSWELL
2021-05-12,2125.2,2145.0,2081.0,2094.9,2096.2,2299.0,1182.0,ZYDUSWELL
2021-05-11,2110.0,2155.0,2100.05,2109.9,2110.65,2299.0,1182.0,ZYDUSWELL
2021-05-10,2198.8,2220.0,2081.6,2100.1,2108.85,2299.0,1182.0,ZYDUSWELL
2021-05-07,2097.0,2137.9,2070.3,2134.35,2118.2,2299.0,1182.0,ZYDUSWELL
2021-05-06,2114.1,2120.3,2073.0,2074.0,2076.95,2299.0,1182.0,ZYDUSWELL
2021-05-05,2072.35,2129.8,2068.0,2103.2,2110.35,2299.0,1182.0,ZYDUSWELL
2021-05-04,2085.0,2099.85,2060.05,2065.25,2072.35,2299.0,1182.0,ZYDUSWELL
2021-05-03,2100.0,2115.0,2064.95,2064.95,2072.4,2299.0,1182.0,ZYDUSWELL
2021-04-30,2095.0,2117.0,2083.6,2098.0,2097.9,2299.0,1182.0,ZYDUSWELL
2021-04-29,2135.0,2139.15,2090.0,2095.0,2096.2,2299.0,1182.0,ZYDUSWELL
2021-04-28,2119.6,2155.7,2074.8,2122.0,2123.9,2299.0,1182.0,ZYDUSWELL
2021-04-27,2169.0,2203.95,2062.7,2097.0,2102.8,2299.0,1182.0,ZYDUSWELL
2021-04-26,2299.0,2299.0,2131.6,2170.0,2162.7,2299.0,1182.0,ZYDUSWELL
2021-04-23,2061.1,2163.8,2061.1,2138.0,2138.1,2218.6,1182.0,ZYDUSWELL
2021-04-22,2094.1,2105.0,2055.3,2060.2,2072.1,2218.6,1182.0,ZYDUSWELL
2021-04-20,2118.95,2119.45,2055.65,2076.5,2076.65,2218.6,1182.0,ZYDUSWELL
2021-04-19,2091.0,2129.45,2055.1,2099.0,2100.0,2218.6,1182.0,ZYDUSWELL
2021-04-16,2092.4,2122.0,2052.0,2110.0,2105.1,2218.6,1182.0,ZYDUSWELL
2021-04-15,2087.3,2112.2,2032.0,2090.0,2081.45,2218.6,1182.0,ZYDUSWELL
2021-04-13,2120.0,2133.0,2069.95,2080.0,2086.4,2218.6,1182.0,ZYDUSWELL
2021-04-12,2120.0,2145.05,2050.0,2095.0,2115.1,2218.6,1182.0,ZYDUSWELL
2021-04-09,2080.0,2113.7,2079.9,2105.0,2097.55,2218.6,1182.0,ZYDUSWELL
2021-04-08,2103.0,2115.0,2061.1,2068.0,2075.15,2218.6,1182.0,ZYDUSWELL
2021-04-07,2089.0,2111.0,2055.05,2088.15,2086.9,2218.6,1182.0,ZYDUSWELL
2021-04-06,2020.0,2090.0,2020.0,2070.0,2075.15,2218.6,1182.0,ZYDUSWELL
2021-04-05,1960.0,2095.0,1957.7,2014.9,2011.2,2218.6,1182.0,ZYDUSWELL
2021-04-01,1971.0,1990.0,1961.1,1985.0,1985.0,2218.6,1182.0,ZYDUSWELL
2021-03-31,1989.2,1995.0,1955.55,1960.0,1971.55,2218.6,1182.0,ZYDUSWELL
2021-03-30,1985.0,2004.0,1925.0,1980.0,1970.6,2218.6,1182.0,ZYDUSWELL
2021-03-26,1972.0,1987.0,1937.0,1975.0,1965.25,2218.6,1142.0,ZYDUSWELL
2021-03-25,1990.0,1995.0,1932.85,1962.0,1959.7,2218.6,1142.0,ZYDUSWELL
2021-03-24,1915.7,2000.0,1901.6,1995.0,1978.65,2218.6,1142.0,ZYDUSWELL
2021-03-23,1886.5,1974.0,1877.3,1905.0,1911.65,2218.6,1142.0,ZYDUSWELL
2021-03-22,1845.5,1885.0,1838.95,1880.0,1877.1,2218.6,1142.0,ZYDUSWELL
2021-03-19,1865.5,1879.35,1808.0,1829.9,1862.5,2218.6,1142.0,ZYDUSWELL
2021-03-18,1869.8,1894.95,1851.0,1855.0,1875.0,2218.6,1142.0,ZYDUSWELL
2021-03-17,1900.0,1900.0,1852.75,1855.05,1869.8,2218.6,1142.0,ZYDUSWELL
2021-03-16,1878.95,1909.0,1869.9,1894.5,1894.95,2218.6,1142.0,ZYDUSWELL
2021-03-15,1887.4,1893.6,1865.55,1872.0,1869.95,2218.6,1142.0,ZYDUSWELL
2021-03-12,1882.1,1900.0,1874.1,1880.1,1889.1,2218.6,1100.5,ZYDUSWELL
2021-03-10,1882.05,1899.7,1875.25,1875.25,1883.9,2218.6,1100.5,ZYDUSWELL
2021-03-09,1896.85,1920.0,1874.0,1879.0,1887.05,2218.6,1100.5,ZYDUSWELL
2021-03-08,1889.85,1904.4,1876.0,1889.0,1882.6,2218.6,1100.5,ZYDUSWELL
2021-03-05,1899.4,1908.55,1855.0,1874.95,1893.35,2218.6,1100.5,ZYDUSWELL
2021-03-04,1906.9,1912.4,1888.35,1892.75,1899.2,2218.6,1100.5,ZYDUSWELL
2021-03-03,1913.0,1925.0,1889.75,1898.0,1904.45,2218.6,1100.5,ZYDUSWELL
2021-03-02,1926.75,1936.0,1886.85,1913.0,1907.05,2218.6,1100.5,ZYDUSWELL
2021-03-01,1920.1,1938.75,1906.95,1918.0,1920.1,2218.6,1100.5,ZYDUSWELL
2021-02-26,1900.0,1955.0,1890.2,1909.8,1911.2,2218.6,1100.5,ZYDUSWELL
2021-02-25,1903.0,1910.2,1895.0,1902.2,1904.65,2218.6,1100.5,ZYDUSWELL
2021-02-24,1890.0,1915.0,1850.0,1892.25,1901.25,2218.6,1100.5,ZYDUSWELL
2021-02-23,1890.0,1917.75,1875.0,1881.0,1883.1,2218.6,1100.5,ZYDUSWELL
2021-02-22,1885.0,1909.9,1880.05,1885.0,1889.0,2218.6,1100.5,ZYDUSWELL
2021-02-19,1911.0,1911.0,1850.0,1888.0,1889.05,2218.6,1100.5,ZYDUSWELL
2021-02-18,1897.0,1904.95,1891.0,1898.0,1895.8,2218.6,1100.5,ZYDUSWELL
2021-02-17,1879.6,1898.5,1866.95,1894.95,1891.5,2218.6,1100.5,ZYDUSWELL
2021-02-16,1857.95,1885.75,1857.9,1874.0,1879.6,2218.6,1100.5,ZYDUSWELL
2021-02-15,1901.0,1902.35,1830.6,1848.0,1856.2,2218.6,1100.5,ZYDUSWELL
2021-02-12,1921.0,1930.0,1890.0,1890.0,1896.7,2218.6,1100.5,ZYDUSWELL
2021-02-11,1900.0,1977.2,1892.9,1919.95,1921.1,2218.6,1100.5,ZYDUSWELL
2021-02-10,1902.9,1915.0,1885.3,1894.9,1897.2,2218.6,1100.5,ZYDUSWELL
2021-02-09,1914.65,1930.6,1890.0,1891.6,1896.8,2218.6,1100.5,ZYDUSWELL
2021-02-08,1883.0,1935.05,1881.75,1900.0,1902.6,2218.6,1100.5,ZYDUSWELL
2021-02-05,1890.45,1896.55,1850.0,1870.0,1871.45,2218.6,1100.5,ZYDUSWELL
2021-02-04,1895.0,1902.7,1875.75,1883.1,1885.6,2218.6,1100.5,ZYDUSWELL
2021-02-03,1945.0,1945.0,1866.0,1884.8,1883.0,2218.6,1100.5,ZYDUSWELL
2021-02-02,1945.0,1980.0,1900.0,1910.6,1918.05,2218.6,1100.5,ZYDUSWELL
2021-02-01,1933.0,1969.55,1911.95,1949.0,1952.45,2218.6,1100.5,ZYDUSWELL
2021-01-29,1934.95,1951.1,1921.0,1921.0,1932.55,2218.6,1100.5,ZYDUSWELL
2021-01-28,1931.0,1955.9,1925.0,1926.3,1928.6,2218.6,1100.5,ZYDUSWELL
2021-01-27,1945.6,1955.0,1910.0,1931.0,1934.6,2218.6,1100.5,ZYDUSWELL
2021-01-25,1943.8,1985.0,1900.0,1945.6,1955.85,2218.6,1100.5,ZYDUSWELL
2021-01-22,1969.9,1983.65,1920.0,1930.0,1935.05,2218.6,1100.5,ZYDUSWELL
2021-01-21,1988.35,2005.35,1952.0,1960.0,1963.85,2218.6,1100.5,ZYDUSWELL
2021-01-20,2018.1,2022.7,1975.0,1975.0,1987.35,2218.6,1100.5,ZYDUSWELL
2021-01-19,2010.0,2104.3,1990.0,2000.0,2038.1,2218.6,1100.5,ZYDUSWELL
2021-01-18,1990.05,2050.0,1912.0,2040.0,1985.15,2218.6,1100.5,ZYDUSWELL
2021-01-15,2024.8,2033.45,1990.0,1996.05,1997.7,2218.6,1100.5,ZYDUSWELL
2021-01-14,2020.4,2037.6,2002.0,2030.0,2023.4,2218.6,1100.5,ZYDUSWELL
2021-01-13,2036.9,2050.0,2000.55,2025.0,2023.75,2218.6,1100.5,ZYDUSWELL
2021-01-12,2021.7,2058.0,2021.7,2038.0,2036.9,2218.6,1100.5,ZYDUSWELL
2021-01-11,2073.0,2119.0,2001.0,2010.0,2021.7,2218.6,1100.5,ZYDUSWELL
2021-01-08,2080.85,2080.9,2056.0,2069.0,2065.6,2218.6,1100.5,ZYDUSWELL
2021-01-07,2104.05,2104.1,2051.0,2066.05,2061.55,2218.6,1100.5,ZYDUSWELL
2021-01-06,2113.6,2137.0,2050.0,2080.0,2085.45,2218.6,1100.5,ZYDUSWELL
2021-01-05,2105.0,2145.0,2092.0,2108.25,2113.6,2218.6,1100.5,ZYDUSWELL
2021-01-04,2109.55,2218.6,2076.5,2122.05,2148.4,2218.6,1100.5,ZYDUSWELL
2021-01-01,1993.0,2104.4,1977.0,2070.0,2062.5,2104.4,1100.5,ZYDUSWELL
2020-12-31,1975.0,2022.0,1961.6,1977.0,1990.5,2049.45,1100.5,ZYDUSWELL
2020-12-30,2000.0,2020.0,1955.0,1958.1,1966.2,2049.45,1100.5,ZYDUSWELL
2020-12-29,1928.0,2049.45,1915.0,1977.0,1981.85,2049.45,1100.5,ZYDUSWELL
2020-12-28,1928.5,1944.6,1910.5,1922.0,1927.9,2039.0,1100.5,ZYDUSWELL
2020-12-24,1919.0,2010.0,1886.0,1910.0,1947.6,2039.0,1100.5,ZYDUSWELL
2020-12-23,1885.95,1920.0,1875.4,1911.15,1904.75,2039.0,1100.5,ZYDUSWELL
2020-12-22,1850.0,1898.05,1816.0,1878.0,1885.95,2039.0,1100.5,ZYDUSWELL
2020-12-21,1935.7,1935.7,1833.25,1870.0,1872.7,2039.0,1100.5,ZYDUSWELL
2020-12-18,1929.95,1970.0,1895.0,1930.0,1929.45,2039.0,1100.5,ZYDUSWELL
2020-12-17,1866.25,1974.0,1851.25,1965.0,1933.4,2039.0,1100.5,ZYDUSWELL
2020-12-16,1884.0,1885.0,1851.1,1867.0,1866.25,2039.0,1100.5,ZYDUSWELL
2020-12-15,1888.8,1890.75,1863.0,1877.95,1873.0,2039.0,1100.5,ZYDUSWELL
2020-12-14,1881.5,1896.0,1865.0,1882.0,1879.25,2039.0,1100.5,ZYDUSWELL
2020-12-11,1907.0,1925.0,1860.0,1877.95,1872.1,2039.0,1100.5,ZYDUSWELL
2020-12-10,1949.0,1950.0,1875.0,1895.5,1897.15,2039.0,1100.5,ZYDUSWELL
2020-12-09,1854.7,1960.0,1840.0,1950.0,1916.55,2039.0,1100.5,ZYDUSWELL
2020-12-08,1845.7,1856.55,1830.0,1850.0,1846.6,2039.0,1100.5,ZYDUSWELL
2020-12-07,1835.0,1858.0,1828.1,1845.0,1835.45,2039.0,1100.5,ZYDUSWELL
2020-12-04,1833.2,1838.4,1820.05,1825.05,1827.25,2039.0,1100.5,ZYDUSWELL
2020-12-03,1842.8,1842.8,1810.0,1824.0,1826.45,2039.0,1100.5,ZYDUSWELL
2020-12-02,1870.5,1883.6,1812.0,1829.0,1825.85,2039.0,1100.5,ZYDUSWELL
2020-12-01,1900.0,1900.0,1864.15,1866.0,1870.5,2039.0,1100.5,ZYDUSWELL
2020-11-27,1880.0,1904.45,1830.0,1841.7,1864.15,2039.0,1100.5,ZYDUSWELL
2020-11-26,1810.0,1867.0,1810.0,1833.0,1847.6,2039.0,1100.5,ZYDUSWELL
2020-11-25,1845.5,1855.0,1800.0,1810.0,1808.35,2039.0,1100.5,ZYDUSWELL
2020-11-24,1836.1,1868.8,1831.25,1835.0,1849.6,2039.0,1100.5,ZYDUSWELL
2020-11-23,1831.45,1861.0,1821.2,1825.0,1838.75,2039.0,1100.5,ZYDUSWELL
2020-11-20,1834.75,1843.0,1820.2,1825.05,1824.95,2039.0,1100.5,ZYDUSWELL
2020-11-19,1834.0,1847.0,1812.0,1825.0,1824.55,2039.0,1100.5,ZYDUSWELL
2020-11-18,1832.0,1849.0,1805.0,1829.0,1825.0,2039.0,1100.5,ZYDUSWELL
2020-11-17,1874.0,1878.8,1815.05,1820.0,1821.85,2039.0,1100.5,ZYDUSWELL
2020-11-14,1874.0,1874.0,1851.0,1869.0,1866.95,2039.0,1100.5,ZYDUSWELL
2020-11-13,1794.15,1833.0,1780.0,1821.0,1824.3,2039.0,1100.5,ZYDUSWELL
2020-11-12,1770.0,1798.95,1750.0,1778.05,1781.65,2039.0,1100.5,ZYDUSWELL
2020-11-11,1740.0,2039.0,1728.9,1754.2,1767.55,2039.0,1100.5,ZYDUSWELL
2020-11-10,1779.6,1790.0,1680.95,1739.0,1720.45,1950.0,1100.5,ZYDUSWELL
2020-11-09,1770.2,1787.55,1760.0,1768.0,1766.5,1950.0,1100.5,ZYDUSWELL
2020-11-06,1740.0,1773.0,1740.0,1760.0,1760.05,1950.0,1100.5,ZYDUSWELL
2020-11-05,1767.45,1780.0,1736.0,1750.0,1750.1,1950.0,1100.5,ZYDUSWELL
2020-11-04,1763.0,1780.0,1734.95,1755.0,1741.6,1950.0,1100.5,ZYDUSWELL
2020-11-03,1783.5,1809.95,1752.0,1761.0,1760.6,1950.0,1100.5,ZYDUSWELL
2020-11-02,1877.0,1894.7,1759.1,1785.0,1783.5,1950.0,1100.5,ZYDUSWELL
2020-10-30,1863.1,1919.0,1860.7,1867.0,1874.4,1950.0,1100.5,ZYDUSWELL
2020-10-29,1821.1,1888.0,1812.25,1873.45,1862.75,1950.0,1100.5,ZYDUSWELL
2020-10-28,1865.0,1884.0,1836.05,1846.0,1844.95,1950.0,1100.5,ZYDUSWELL
2020-10-27,1890.0,1904.0,1781.9,1842.0,1849.4,1950.0,1100.5,ZYDUSWELL
2020-10-26,1879.95,1909.0,1853.0,1897.0,1895.6,1950.0,1100.5,ZYDUSWELL
2020-10-23,1807.95,1889.95,1800.0,1864.0,1851.4,1950.0,1100.5,ZYDUSWELL
2020-10-22,1780.1,1814.95,1773.0,1800.0,1796.55,1950.0,1100.5,ZYDUSWELL
2020-10-21,1803.55,1836.9,1781.0,1791.1,1790.9,1950.0,1100.5,ZYDUSWELL
2020-10-20,1812.05,1815.0,1766.0,1790.0,1780.95,1950.0,1100.5,ZYDUSWELL
2020-10-19,1826.25,1835.0,1791.1,1800.0,1800.7,1950.0,1100.5,ZYDUSWELL
2020-10-16,1784.1,1825.0,1782.15,1814.3,1817.5,1950.0,1100.5,ZYDUSWELL
2020-10-15,1839.9,1844.0,1771.55,1776.1,1784.1,1950.0,1100.5,ZYDUSWELL
2020-10-14,1754.05,1836.0,1750.05,1820.0,1825.7,1950.0,1100.5,ZYDUSWELL
2020-10-13,1791.1,1801.75,1760.05,1766.0,1771.6,1950.0,1100.5,ZYDUSWELL
2020-10-12,1828.0,1830.0,1780.0,1788.0,1785.85,1950.0,1100.5,ZYDUSWELL
2020-10-09,1808.0,1852.0,1776.3,1840.0,1801.75,1950.0,1100.5,ZYDUSWELL
2020-10-08,1824.25,1825.0,1770.0,1793.35,1787.25,1950.0,1100.5,ZYDUSWELL
2020-10-07,1830.0,1830.0,1814.55,1820.0,1821.75,1950.0,1100.5,ZYDUSWELL
2020-10-06,1850.0,1861.75,1821.1,1830.0,1828.15,1950.0,1100.5,ZYDUSWELL
2020-10-05,1856.0,1858.45,1810.55,1845.0,1829.55,1950.0,1100.5,ZYDUSWELL
2020-10-01,1859.0,1867.05,1835.0,1847.0,1839.5,1950.0,1100.5,ZYDUSWELL
2020-09-30,1867.0,1895.0,1835.0,1836.0,1839.45,1950.0,1100.5,ZYDUSWELL
2020-09-29,1840.75,1873.35,1826.6,1838.0,1841.6,1950.0,1100.5,ZYDUSWELL
2020-09-28,1879.9,1880.0,1828.0,1847.0,1840.75,1950.0,1100.5,ZYDUSWELL
2020-09-25,1866.7,1880.0,1825.05,1851.0,1864.95,1950.0,1100.5,ZYDUSWELL
2020-09-24,1728.4,1855.0,1701.15,1794.0,1822.85,1950.0,1100.5,ZYDUSWELL
2020-09-23,1815.0,1824.0,1700.0,1715.0,1714.15,1950.0,1100.5,ZYDUSWELL
2020-09-22,1844.0,1850.6,1650.0,1820.0,1782.7,1950.0,1100.5,ZYDUSWELL
2020-09-21,1950.0,1950.0,1722.5,1773.95,1776.2,1950.0,1100.5,ZYDUSWELL
2020-09-18,1924.95,1928.4,1880.0,1900.0,1904.0,1928.4,1100.5,ZYDUSWELL
2020-09-17,1887.0,1910.1,1833.85,1857.0,1869.45,1919.0,1100.5,ZYDUSWELL
2020-09-16,1813.0,1919.0,1790.0,1907.0,1886.15,1919.0,1100.5,ZYDUSWELL
2020-09-15,1680.0,1808.8,1662.6,1787.9,1780.6,1823.3,1100.5,ZYDUSWELL
2020-09-14,1679.0,1685.2,1650.0,1660.0,1658.85,1823.3,1100.5,ZYDUSWELL
2020-09-11,1647.0,1658.9,1629.3,1640.0,1642.6,1860.2,1100.5,ZYDUSWELL
2020-09-10,1670.0,1700.0,1640.0,1645.0,1646.6,1860.2,1100.5,ZYDUSWELL
2020-09-09,1616.0,1674.45,1605.0,1660.0,1663.25,1860.2,1100.5,ZYDUSWELL
2020-09-08,1640.0,1653.0,1615.2,1637.0,1636.3,1860.2,1100.5,ZYDUSWELL
2020-09-07,1620.0,1660.0,1591.05,1631.55,1640.4,1860.2,1100.5,ZYDUSWELL
2020-09-04,1618.75,1618.75,1590.0,1599.8,1595.9,1860.2,1100.5,ZYDUSWELL
2020-09-03,1654.0,1660.1,1611.1,1618.75,1619.45,1860.2,1100.5,ZYDUSWELL
2020-09-02,1659.9,1673.8,1625.05,1632.0,1635.45,1860.2,1100.5,ZYDUSWELL
2020-09-01,1675.0,1675.0,1585.65,1666.25,1650.25,1860.2,1100.5,ZYDUSWELL
2020-08-31,1684.55,1710.0,1585.55,1600.0,1617.3,1860.2,1100.5,ZYDUSWELL
2020-08-28,1730.2,1734.45,1670.1,1687.35,1679.7,1860.2,1100.5,ZYDUSWELL
2020-08-27,1750.0,1823.3,1710.1,1721.8,1716.45,1860.2,1100.5,ZYDUSWELL
2020-08-26,1742.85,1765.0,1705.5,1730.0,1721.1,1860.2,1100.5,ZYDUSWELL
2020-08-25,1708.65,1769.95,1706.0,1727.2,1726.4,1860.2,1100.5,ZYDUSWELL
2020-08-24,1635.0,1720.0,1612.1,1685.25,1692.3,1860.2,1100.5,ZYDUSWELL
2020-08-21,1638.0,1639.0,1615.0,1621.95,1621.25,1860.2,1100.5,ZYDUSWELL
2020-08-20,1629.95,1646.65,1610.0,1623.9,1620.55,1860.2,1100.5,ZYDUSWELL
2020-08-19,1634.0,1640.8,1620.0,1628.0,1627.0,1860.2,1100.5,ZYDUSWELL
2020-08-18,1636.05,1658.8,1621.1,1630.0,1632.05,1860.2,1100.5,ZYDUSWELL
2020-08-17,1625.85,1658.95,1625.85,1642.0,1635.75,1860.2,1100.5,ZYDUSWELL
2020-08-14,1634.95,1659.9,1600.0,1618.0,1617.75,1860.2,1100.5,ZYDUSWELL
2020-08-13,1614.9,1645.0,1600.0,1623.95,1626.15,1860.2,1100.5,ZYDUSWELL
2020-08-12,1645.7,1648.0,1592.1,1599.0,1599.3,1860.2,1100.5,ZYDUSWELL
2020-08-11,1658.0,1669.95,1615.5,1635.7,1637.5,1860.2,1100.5,ZYDUSWELL
2020-08-10,1694.95,1712.0,1627.55,1648.0,1654.95,1860.2,1100.5,ZYDUSWELL
2020-08-07,1715.0,1727.25,1679.2,1689.5,1691.85,1860.2,1100.5,ZYDUSWELL
2020-08-06,1702.6,1744.15,1700.0,1706.0,1711.8,1860.2,1100.5,ZYDUSWELL
2020-08-05,1709.95,1760.0,1683.05,1701.5,1697.25,1860.2,1100.5,ZYDUSWELL
2020-08-04,1731.2,1762.0,1690.0,1699.95,1705.75,1860.2,1100.5,ZYDUSWELL
2020-08-03,1615.0,1739.95,1615.0,1728.05,1722.55,1860.2,1100.5,ZYDUSWELL
2020-07-31,1566.0,1690.0,1537.05,1602.0,1610.8,1860.2,1100.5,ZYDUSWELL
2020-07-30,1613.95,1613.95,1553.05,1561.0,1565.2,1860.2,1100.5,ZYDUSWELL
2020-07-29,1624.0,1642.0,1596.0,1598.0,1604.2,1860.2,1100.5,ZYDUSWELL
2020-07-28,1576.2,1650.75,1555.0,1620.2,1623.7,1860.2,1100.5,ZYDUSWELL
2020-07-27,1636.2,1648.9,1530.05,1574.25,1576.65,1860.2,1100.5,ZYDUSWELL
2020-07-24,1588.0,1650.0,1566.0,1643.0,1638.25,1860.2,1100.5,ZYDUSWELL
2020-07-23,1532.0,1593.3,1518.3,1591.3,1580.15,1860.2,1100.5,ZYDUSWELL
2020-07-22,1490.0,1542.0,1480.0,1510.0,1513.95,1860.2,1100.5,ZYDUSWELL
2020-07-21,1447.95,1505.0,1434.15,1500.0,1486.0,1860.2,1100.5,ZYDUSWELL
2020-07-20,1430.0,1437.0,1401.0,1433.0,1431.7,1860.2,1100.5,ZYDUSWELL
2020-07-17,1372.2,1428.0,1372.2,1395.0,1395.45,1860.2,1100.5,ZYDUSWELL
2020-07-16,1379.9,1392.0,1356.0,1370.1,1372.2,1860.2,1100.5,ZYDUSWELL
2020-07-15,1352.0,1380.0,1343.0,1372.0,1369.9,1860.2,1100.5,ZYDUSWELL
2020-07-14,1341.95,1355.0,1313.25,1343.0,1339.6,1860.2,1100.5,ZYDUSWELL
2020-07-13,1379.0,1379.0,1323.0,1333.0,1332.65,1860.2,1100.5,ZYDUSWELL
2020-07-10,1374.0,1379.6,1356.0,1360.0,1364.8,1860.2,1100.5,ZYDUSWELL
2020-07-09,1375.0,1403.0,1331.0,1386.0,1381.65,1860.2,1100.5,ZYDUSWELL
2020-07-08,1376.0,1389.15,1327.55,1385.0,1362.2,1860.2,1100.5,ZYDUSWELL
2020-07-07,1424.9,1430.0,1360.55,1370.0,1372.95,1860.2,1100.5,ZYDUSWELL
2020-07-06,1360.0,1416.8,1330.1,1404.0,1405.35,1860.2,1100.5,ZYDUSWELL
2020-07-03,1329.5,1369.0,1320.05,1330.0,1327.6,1860.2,1100.5,ZYDUSWELL
2020-07-02,1275.85,1309.4,1271.6,1307.95,1296.35,1860.2,1100.5,ZYDUSWELL
2020-07-01,1275.75,1285.0,1262.3,1281.0,1275.85,1860.2,1100.5,ZYDUSWELL
2020-06-30,1271.0,1281.05,1266.0,1275.0,1275.75,1860.2,1100.5,ZYDUSWELL
2020-06-29,1280.0,1284.0,1260.5,1272.5,1271.45,1860.2,1100.5,ZYDUSWELL
2020-06-26,1279.0,1279.0,1264.0,1278.0,1275.75,1860.2,1100.5,ZYDUSWELL
2020-06-25,1270.3,1283.0,1256.35,1280.0,1279.9,1860.2,1100.5,ZYDUSWELL
2020-06-24,1277.9,1289.8,1260.0,1272.0,1270.3,1860.2,1100.5,ZYDUSWELL
2020-06-23,1285.0,1285.0,1261.05,1277.0,1277.9,1860.2,1100.5,ZYDUSWELL
2020-06-22,1272.0,1288.75,1250.15,1270.4,1274.75,1860.2,1100.5,ZYDUSWELL
2020-06-19,1250.0,1275.0,1230.0,1265.0,1265.3,1860.2,1100.5,ZYDUSWELL
2020-06-18,1226.2,1244.0,1221.1,1241.3,1240.15,1860.2,1100.5,ZYDUSWELL
2020-06-17,1240.0,1240.0,1195.0,1224.0,1226.2,1860.2,1100.5,ZYDUSWELL
2020-06-16,1241.0,1274.0,1203.0,1205.0,1207.95,1860.2,1100.5,ZYDUSWELL
2020-06-15,1257.65,1260.0,1207.05,1242.5,1237.7,1860.2,1100.5,ZYDUSWELL
2020-06-12,1228.0,1252.0,1201.15,1236.95,1232.3,1860.2,1100.5,ZYDUSWELL
2020-06-11,1278.0,1278.0,1226.05,1234.0,1233.95,1860.2,1100.5,ZYDUSWELL
2020-06-10,1260.0,1280.0,1251.05,1262.1,1265.15,1860.2,1100.5,ZYDUSWELL
2020-06-09,1287.45,1294.95,1265.0,1269.5,1268.3,1860.2,1100.5,ZYDUSWELL
2020-06-08,1310.0,1310.0,1280.15,1282.6,1287.45,1860.2,1100.5,ZYDUSWELL
2020-06-05,1310.0,1313.7,1295.0,1299.0,1297.75,1860.2,1100.5,ZYDUSWELL
2020-06-04,1324.95,1329.6,1285.5,1296.45,1299.15,1860.2,1100.5,ZYDUSWELL
2020-06-03,1327.0,1339.9,1310.0,1318.0,1316.4,1860.2,1100.5,ZYDUSWELL
2020-06-02,1274.95,1354.85,1271.95,1290.0,1296.95,1860.2,1100.5,ZYDUSWELL
2020-06-01,1265.0,1289.7,1260.0,1261.85,1264.6,1860.2,1100.5,ZYDUSWELL
2020-05-29,1246.85,1259.0,1235.7,1250.05,1252.95,1860.2,1100.5,ZYDUSWELL
2020-05-28,1238.0,1261.0,1206.95,1246.85,1243.55,1860.2,1100.5,ZYDUSWELL
2020-05-27,1240.0,1249.8,1201.35,1224.35,1223.05,1860.2,1100.5,ZYDUSWELL
2020-05-26,1251.0,1251.4,1229.75,1234.45,1241.3,1860.2,1100.5,ZYDUSWELL
2020-05-22,1253.0,1256.0,1215.05,1234.4,1242.0,1860.2,1100.5,ZYDUSWELL
2020-05-21,1200.05,1249.0,1200.05,1240.0,1238.0,1860.2,1100.5,ZYDUSWELL
2020-05-20,1217.95,1217.95,1193.45,1210.1,1211.75,1860.2,1100.5,ZYDUSWELL
2020-05-19,1200.0,1204.8,1182.0,1202.0,1200.15,1860.2,1100.5,ZYDUSWELL
2020-05-18,1235.4,1249.0,1184.1,1186.15,1188.25,1860.2,1100.5,ZYDUSWELL
2020-05-15,1255.0,1269.95,1221.1,1254.9,1234.4,1860.2,1100.5,ZYDUSWELL
2020-05-14,1263.85,1263.85,1234.0,1241.0,1243.55,1860.2,1100.5,ZYDUSWELL
2020-05-13,1290.5,1290.5,1253.05,1270.0,1266.9,1860.2,1100.5,ZYDUSWELL
2020-05-12,1270.0,1273.95,1250.25,1273.0,1269.25,1860.2,1100.5,ZYDUSWELL
2020-05-11,1324.0,1324.0,1275.0,1278.0,1279.85,1860.2,1100.5,ZYDUSWELL
2020-05-08,1296.1,1313.05,1290.0,1293.05,1297.55,1860.2,1100.5,ZYDUSWELL
2020-05-07,1300.0,1320.0,1290.0,1292.6,1294.05,1860.2,1100.5,ZYDUSWELL
2020-05-06,1323.95,1323.95,1294.95,1308.35,1305.4,1860.2,1100.5,ZYDUSWELL
2020-05-05,1306.7,1322.25,1280.1,1310.0,1310.05,1860.2,1100.5,ZYDUSWELL
2020-05-04,1325.0,1325.0,1270.0,1306.0,1306.55,1860.2,1100.5,ZYDUSWELL
2020-04-30,1378.8,1389.1,1350.0,1362.0,1360.1,1860.2,1100.5,ZYDUSWELL
2020-04-29,1360.0,1384.0,1355.1,1371.0,1371.9,1860.2,1100.5,ZYDUSWELL
2020-04-28,1348.0,1355.0,1320.0,1346.5,1349.95,1860.2,1100.5,ZYDUSWELL
2020-04-27,1365.0,1400.0,1317.0,1336.0,1330.2,1860.2,1100.5,ZYDUSWELL
2020-04-24,1289.85,1391.0,1257.05,1365.0,1358.5,1860.2,1100.5,ZYDUSWELL
2020-04-23,1276.05,1298.85,1275.0,1298.85,1284.35,1860.2,1100.5,ZYDUSWELL
2020-04-22,1300.0,1300.0,1260.4,1268.0,1273.95,1860.2,1100.5,ZYDUSWELL
2020-04-21,1310.0,1310.0,1260.05,1288.95,1287.25,1860.2,1100.5,ZYDUSWELL
2020-04-20,1353.25,1364.0,1314.95,1317.0,1319.35,1860.2,1100.5,ZYDUSWELL
